Database Name	ODA
Database Location	http://localhost/ODA/OdaService.asmx
Evaluation Signature	7848ba81-a5d5-4e14-bbd4-0e4443f9d316
Plate Name	251126_Scratch_48h_#2
Measurement	Measurement 1
Evaluation	Evaluation2

[Data]
Row	Column	Plane	Timepoint	Open Area - Wound Area [µm²] - Sum per Well	Number of Analyzed Fields	Global Image Binning	Height [µm]	Time [s]	Temperature	Target Temperature	CO2	Target CO2	Compound	Concentration	Cell Type	Cell Count	
2	2	1	1	3364321.42228	8	4	0	0	-1	37	Off	5					
2	3	1	1	3064241.45677	8	4	0	0	-1	37	Off	5					
2	4	1	1	3363405.71423	8	4	0	0	-1	37	Off	5					
2	5	1	1	3298553.80814	8	4	0	0	-1	37	Off	5					
2	6	1	1	2984829.93592	8	4	0	0	Off	37	Off	5					
2	7	1	1	3119853.16641	8	4	0	0	Off	37	Off	5					
2	8	1	1	2828716.75953	8	4	0	0	Off	37	Off	5					
2	9	1	1	3381815.88852	8	4	0	0	Off	37	Off	5					
2	10	1	1	3211398.17724	8	4	0	0	Off	37	Off	5					
2	11	1	1	3525500.37015	8	4	0	0	Off	37	Off	5					
3	2	1	1	3552917.15652	8	4	0	0	-1	37	Off	5					
3	3	1	1	3243191.44623	8	4	0	0	-1	37	Off	5					
3	4	1	1	3146365.70899	8	4	0	0	-1	37	Off	5					
3	5	1	1	3149107.10102	8	4	0	0	-1	37	Off	5					
3	6	1	1	3136426.19246	8	4	0	0	Off	37	Off	5					
3	7	1	1	3103241.44847	8	4	0	0	Off	37	Off	5					
3	8	1	1	3050299.47922	8	4	0	0	Off	37	Off	5					
3	9	1	1	3434141.65361	8	4	0	0	Off	37	Off	5					
3	10	1	1	3235140.66713	8	4	0	0	Off	37	Off	5					
3	11	1	1	3329199.21774	8	4	0	0	Off	37	Off	5					
4	2	1	1	3284340.98735	8	4	0	0	-1	37	Off	5					
4	3	1	1	3268053.13486	8	4	0	0	-1	37	Off	5					
4	4	1	1	3132119.92845	8	4	0	0	-1	37	Off	5					
4	5	1	1	3175950.67422	8	4	0	0	-1	37	Off	5					
4	6	1	1	3394291.87337	8	4	0	0	Off	37	Off	5					
4	7	1	1	2735995.22866	8	4	0	0	Off	37	Off	5					
4	8	1	1	2925015.14065	8	4	0	0	Off	37	Off	5					
4	9	1	1	3194625.9596	8	4	0	0	Off	37	Off	5					
4	10	1	1	3426047.88351	8	4	0	0	Off	37	Off	5					
4	11	1	1	3177862.34017	8	4	0	0	Off	37	Off	5					
5	2	1	1	3452093.25735	8	4	0	0	Off	37	Off	5					
5	3	1	1	3265205.69839	8	4	0	0	-1	37	Off	5					
5	4	1	1	3670898.75918	8	4	0	0	-1	37	Off	5					
5	5	1	1	3531885.96497	8	4	0	0	-1	37	Off	5					
5	6	1	1	3126225.86393	8	4	0	0	-1	37	Off	5					
5	7	1	1	3247974.91022	8	4	0	0	Off	37	Off	5					
5	8	1	1	3534236.139	8	4	0	0	Off	37	Off	5					
5	9	1	1	3460389.08509	8	4	0	0	Off	37	Off	5					
5	10	1	1	3104108.4334	8	4	0	0	Off	37	Off	5					
5	11	1	1	3398705.61485	8	4	0	0	Off	37	Off	5					
6	2	1	1	3456888.1856	8	4	0	0	Off	37	Off	5					
6	3	1	1	3369460.27844	8	4	0	0	-1	37	Off	5					
6	4	1	1	3330408.69755	8	4	0	0	-1	37	Off	5					
6	5	1	1	3061944.30496	8	4	0	0	-1	37	Off	5					
6	6	1	1	3234465.70861	8	4	0	0	-1	37	Off	5					
6	7	1	1	2968956.22995	8	4	0	0	Off	37	Off	5					
6	8	1	1	3506164.45657	8	4	0	0	Off	37	Off	5					
6	9	1	1	3319433.0982	8	4	0	0	Off	37	Off	5					
6	10	1	1	3467200.2907	8	4	0	0	Off	37	Off	5					
6	11	1	1	3747349.63396	8	4	0	0	Off	37	Off	5					
7	2	1	1	4211908.82222	8	4	0	0	Off	37	Off	5					
7	3	1	1	3744714.28637	8	4	0	0	-1	37	Off	5					
7	4	1	1	3472049.6742	8	4	0	0	-1	37	Off	5					
7	5	1	1	3243854.94049	8	4	0	0	-1	37	Off	5					
7	6	1	1	3134268.04484	8	4	0	0	-1	37	Off	5					
7	7	1	1	3226387.70188	8	4	0	0	Off	37	Off	5					
7	8	1	1	3339034.12287	8	4	0	0	Off	37	Off	5					
7	9	1	1	3147715.62603	8	4	0	0	Off	37	Off	5					
7	10	1	1	3505574.047	8	4	0	0	Off	37	Off	5					
7	11	1	1	3562855.24002	8	4	0	0	Off	37	Off	5					
2	2	1	2	3112944.51456	8	4	0	7200.4193676999994	Off	37	Off	5					
2	3	1	2	2936781.77419	8	4	0	7200.3438308999994	Off	37	Off	5					
2	4	1	2	3207041.75707	8	4	0	7199.9400972999993	Off	37	Off	5					
2	5	1	2	4596378.66504	8	4	0	7199.9998252999994	Off	37	Off	5					
2	6	1	2	2814859.33092	8	4	0	7198.5781011	Off	37	Off	5					
2	7	1	2	4356208.07498	8	4	0	7198.4975976	Off	37	Off	5					
2	8	1	2	2589904.68471	8	4	0	7199.2188496	Off	37	Off	5					
2	9	1	2	3153308.75363	8	4	0	7200.1715944	Off	37	Off	5					
2	10	1	2	2953030.93479	8	4	0	7200.8433425999992	Off	37	Off	5					
2	11	1	2	3214784.43409	8	4	0	7200.7810982	Off	37	Off	5					
3	2	1	2	3350734.8369	8	4	0	7200.3723537999995	Off	37	Off	5					
3	3	1	2	3066987.1479	8	4	0	7200.2315967999994	Off	37	Off	5					
3	4	1	2	2941632.59072	8	4	0	7199.9815974999992	Off	37	Off	5					
3	5	1	2	3989846.03649	8	4	0	7199.9061217	Off	37	Off	5					
3	6	1	2	3053389.09825	8	4	0	7198.5310956999992	Off	37	Off	5					
3	7	1	2	4273238.33332	8	4	0	7198.6250794	Off	37	Off	5					
3	8	1	2	2874456.30519	8	4	0	7199.2371023999995	Off	37	Off	5					
3	9	1	2	3201480.1562	8	4	0	7200.6588635	Off	37	Off	5					
3	10	1	2	3066416.80079	8	4	0	7200.8120898	Off	37	Off	5					
3	11	1	2	3012122.04843	8	4	0	7200.7338504	Off	37	Off	5					
4	2	1	2	3025240.03204	8	4	0	7200.3900899	Off	37	Off	5					
4	3	1	2	3143803.44608	8	4	0	7200.2653462	Off	37	Off	5					
4	4	1	2	3007137.95984	8	4	0	7200.0753547999993	Off	37	Off	5					
4	5	1	2	3547321.16286	8	4	0	7200.0780926	Off	37	Off	5					
4	6	1	2	3266711.81602	8	4	0	7198.5470908	Off	37	Off	5					
4	7	1	2	3930462.58414	8	4	0	7198.6721006	Off	37	Off	5					
4	8	1	2	2842655.87102	8	4	0	7199.1095969	Off	37	Off	5					
4	9	1	2	3028017.2499	8	4	0	7200.1401017	Off	37	Off	5					
4	10	1	2	3235134.935	8	4	0	7200.8433485999994	Off	37	Off	5					
4	11	1	2	3025947.95032	8	4	0	7200.7188825999992	Off	37	Off	5					
5	2	1	2	3277681.68324	8	4	0	7200.4058480999993	Off	37	Off	5					
5	3	1	2	3186321.53367	8	4	0	7200.2658476999995	Off	37	Off	5					
5	4	1	2	3406032.71232	8	4	0	7200.1090872999994	Off	37	Off	5					
5	5	1	2	3299920.92157	8	4	0	7200.0773492	Off	37	Off	5					
5	6	1	2	3158931.97492	8	4	0	7198.9533487	Off	37	Off	5					
5	7	1	2	3435984.53398	8	4	0	7198.3908187	Off	37	Off	5					
5	8	1	2	3385364.0781	8	4	0	7198.8433491	Off	37	Off	5					
5	9	1	2	3331023.46869	8	4	0	7200.1563594	Off	37	Off	5					
5	10	1	2	3082306.27012	8	4	0	7200.702588	Off	37	Off	5					
5	11	1	2	3403414.56112	8	4	0	7200.5936054999993	Off	37	Off	5					
6	2	1	2	3421724.42311	8	4	0	7200.3878400999993	Off	37	Off	5					
6	3	1	2	3253417.56936	8	4	0	7200.2028537	Off	37	Off	5					
6	4	1	2	3249158.59543	8	4	0	7200.1090859999995	Off	37	Off	5					
6	5	1	2	2811941.67584	8	4	0	7200.1403439	Off	37	Off	5					
6	6	1	2	3268930.15102	8	4	0	7198.8905962	Off	37	Off	5					
6	7	1	2	3028852.70811	8	4	0	7198.5003438999993	Off	37	Off	5					
6	8	1	2	3344763.3886	8	4	0	7198.62511	Off	37	Off	5					
6	9	1	2	3179872.8854	8	4	0	7200.1873467999994	Off	37	Off	5					
6	10	1	2	3423108.73293	8	4	0	7200.7335987	Off	37	Off	5					
6	11	1	2	3789304.5396	8	4	0	7200.702848	Off	37	Off	5					
7	2	1	2	4003861.09873	8	4	0	7200.4661106999993	Off	37	Off	5					
7	3	1	2	3727047.85618	8	4	0	7200.1068439	Off	37	Off	5					
7	4	1	2	3384064.31722	8	4	0	7200.1248577999995	Off	37	Off	5					
7	5	1	2	3030219.82154	8	4	0	7200.1406014999993	Off	37	Off	5					
7	6	1	2	3204839.18543	8	4	0	7200.1248417	Off	37	Off	5					
7	7	1	2	3326257.2011	8	4	0	7198.5158463	Off	37	Off	5					
7	8	1	2	3199532.66442	8	4	0	7198.6095989	Off	37	Off	5					
7	9	1	2	2988017.0012	8	4	0	7200.2966012	Off	37	Off	5					
7	10	1	2	3457663.45643	8	4	0	7200.2808556	Off	37	Off	5					
7	11	1	2	3576514.91009	8	4	0	7200.7028436	Off	37	Off	5					
2	2	1	3	2958850.4816	8	4	0	14400.4186963	Off	37	Off	5					
2	3	1	3	2766884.25386	8	4	0	14400.5179037	Off	37	Off	5					
2	4	1	3	3051839.98964	8	4	0	14400.3901966	Off	37	Off	5					
2	5	1	3	4717203.40507	8	4	0	14400.421441699998	Off	37	Off	5					
2	6	1	3	2640629.75199	8	4	0	14398.4841881	Off	37	Off	5					
2	7	1	3	4868220.7163	8	4	0	14398.3411949	Off	37	Off	5					
2	8	1	3	2432220.9042	8	4	0	14398.0469516	Off	37	Off	5					
2	9	1	3	2955564.53705	8	4	0	14397.9376977	Off	37	Off	5					
2	10	1	3	2845183.74115	8	4	0	14397.672189699999	Off	37	Off	5					
2	11	1	3	3172571.58252	8	4	0	14397.4691921	Off	37	Off	5					
3	2	1	3	3186781.53724	8	4	0	14400.4189465	Off	37	Off	5					
3	3	1	3	2879587.99618	8	4	0	14400.3719338	Off	37	Off	5					
3	4	1	3	2755636.37825	8	4	0	14400.3094482	Off	37	Off	5					
3	5	1	3	3674851.06405	8	4	0	14400.3744668	Off	37	Off	5					
3	6	1	3	2905203.46013	8	4	0	14398.4529374	Off	37	Off	5					
3	7	1	3	4738972.60859	8	4	0	14398.281424899998	Off	37	Off	5					
3	8	1	3	2726759.3313	8	4	0	14398.1406735	Off	37	Off	5					
3	9	1	3	3019391.82458	8	4	0	14397.9221937	Off	37	Off	5					
3	10	1	3	2839629.30544	8	4	0	14397.7344357	Off	37	Off	5					
3	11	1	3	2898534.12479	8	4	0	14397.533944699999	Off	37	Off	5					
4	2	1	3	2793914.12134	8	4	0	14400.2961865	Off	37	Off	5					
4	3	1	3	3024681.14919	8	4	0	14400.4219483	Off	37	Off	5					
4	4	1	3	2852788.847	8	4	0	14400.372184099999	Off	37	Off	5					
4	5	1	3	3360774.66574	8	4	0	14400.124692	Off	37	Off	5					
4	6	1	3	3105885.39426	8	4	0	14398.5156902	Off	37	Off	5					
4	7	1	3	4475945.143	8	4	0	14398.4064473	Off	37	Off	5					
4	8	1	3	2667678.2489	8	4	0	14398.1409474	Off	37	Off	5					
4	9	1	3	2840722.70958	8	4	0	14397.3126941	Off	37	Off	5					
4	10	1	3	3071677.46474	8	4	0	14397.8281918	Off	37	Off	5					
4	11	1	3	2869250.09648	8	4	0	14397.7837382	Off	37	Off	5					
5	2	1	3	3162399.91466	8	4	0	14400.3771943	Off	37	Off	5					
5	3	1	3	3064090.98831	8	4	0	14400.358943399999	Off	37	Off	5					
5	4	1	3	3208866.00801	8	4	0	14400.3434358	Off	37	Off	5					
5	5	1	3	3192644.07504	8	4	0	14400.0776711	Off	37	Off	5					
5	6	1	3	3132082.66959	8	4	0	14398.9061879	Off	37	Off	5					
5	7	1	3	3347291.25872	8	4	0	14398.031419199999	Off	37	Off	5					
5	8	1	3	3221207.28777	8	4	0	14398.124704799999	Off	37	Off	5					
5	9	1	3	3202272.62342	8	4	0	14397.328695999999	Off	37	Off	5					
5	10	1	3	3005745.05181	8	4	0	14397.8126861	Off	37	Off	5					
5	11	1	3	3322544.21273	8	4	0	14397.971459299999	Off	37	Off	5					
6	2	1	3	3359179.70006	8	4	0	14400.2936978	Off	37	Off	5					
6	3	1	3	3105663.27415	8	4	0	14400.3901978	Off	37	Off	5					
6	4	1	3	3114194.1193	8	4	0	14400.296435999999	Off	37	Off	5					
6	5	1	3	2698792.26028	8	4	0	14400.0464412	Off	37	Off	5					
6	6	1	3	3176730.24414	8	4	0	14398.8904573	Off	37	Off	5					
6	7	1	3	2976418.03252	8	4	0	14398.0314439	Off	37	Off	5					
6	8	1	3	3181308.78441	8	4	0	14398.156456499999	Off	37	Off	5					
6	9	1	3	3035234.00383	8	4	0	14397.8596968	Off	37	Off	5					
6	10	1	3	3333804.98564	8	4	0	14397.8904513	Off	37	Off	5					
6	11	1	3	3880134.46698	8	4	0	14398.2836909	Off	37	Off	5					
7	2	1	3	3987154.80062	8	4	0	14400.465951	Off	37	Off	5					
7	3	1	3	3633744.51392	8	4	0	14400.327942299999	Off	37	Off	5					
7	4	1	3	3212732.33091	8	4	0	14400.312198599999	Off	37	Off	5					
7	5	1	3	2867956.06773	8	4	0	14400.0779473	Off	37	Off	5					
7	6	1	3	3103313.10012	8	4	0	14400.108912099999	Off	37	Off	5					
7	7	1	3	3310459.44588	8	4	0	14397.9844492	Off	37	Off	5					
7	8	1	3	3104822.08381	8	4	0	14398.0939471	Off	37	Off	5					
7	9	1	3	2875648.5886	8	4	0	14397.875197	Off	37	Off	5					
7	10	1	3	3403556.43138	8	4	0	14397.9391917	Off	37	Off	5					
7	11	1	3	3560634.03895	8	4	0	14398.5936707	Off	37	Off	5					
2	2	1	4	2814374.96578	8	4	0	21600.5748129	Off	37	Off	5					
2	3	1	4	2577388.57493	8	4	0	21600.5180256	Off	37	Off	5					
2	4	1	4	2932438.25132	8	4	0	21599.7337637	Off	37	Off	5					
2	5	1	4	4163628.50914	8	4	0	21599.7650403	Off	37	Off	5					
2	6	1	4	2480152.99027	8	4	0	21597.890539199998	Off	37	Off	5					
2	7	1	4	4754905.06891	8	4	0	21597.7630195	Off	37	Off	5					
2	8	1	4	2287189.37161	8	4	0	21598.2030495	Off	37	Off	5					
2	9	1	4	2812188.1575	8	4	0	21598.062550299997	Off	37	Off	5					
2	10	1	4	2749190.59605	8	4	0	21597.3595116	Off	37	Off	5					
2	11	1	4	3077581.56049	8	4	0	21597.1877944	Off	37	Off	5					
3	2	1	4	3006368.42114	8	4	0	21600.575058399998	Off	37	Off	5					
3	3	1	4	2712504.95256	8	4	0	21600.325039699997	Off	37	Off	5					
3	4	1	4	2576237.84948	8	4	0	21599.7937909	Off	37	Off	5					
3	5	1	4	3380262.4808	8	4	0	21599.8123213	Off	37	Off	5					
3	6	1	4	2707892.0195	8	4	0	21597.8902665	Off	37	Off	5					
3	7	1	4	4658565.12984	8	4	0	21597.734517099998	Off	37	Off	5					
3	8	1	4	2560375.60777	8	4	0	21598.2658057	Off	37	Off	5					
3	9	1	4	2854747.80304	8	4	0	21598.0625488	Off	37	Off	5					
3	10	1	4	2698813.75577	8	4	0	21597.4690317	Off	37	Off	5					
3	11	1	4	2797766.11391	8	4	0	21597.1248104	Off	37	Off	5					
4	2	1	4	2532451.52773	8	4	0	21600.686533199998	Off	37	Off	5					
4	3	1	4	2874661.2289	8	4	0	21600.3587948	Off	37	Off	5					
4	4	1	4	2716299.62381	8	4	0	21599.9035167	Off	37	Off	5					
4	5	1	4	3184510.18002	8	4	0	21599.581037599997	Off	37	Off	5					
4	6	1	4	2930596.80398	8	4	0	21597.9530369	Off	37	Off	5					
4	7	1	4	4385006.30511	8	4	0	21597.7657912	Off	37	Off	5					
4	8	1	4	2506113.81517	8	4	0	21598.203295699997	Off	37	Off	5					
4	9	1	4	2628950.53346	8	4	0	21597.5000378	Off	37	Off	5					
4	10	1	4	2869771.72048	8	4	0	21597.547297999998	Off	37	Off	5					
4	11	1	4	2693862.62693	8	4	0	21597.2500744	Off	37	Off	5					
5	2	1	4	3026995.4974	8	4	0	21600.3587907	Off	37	Off	5					
5	3	1	4	2986816.11959	8	4	0	21600.2652935	Off	37	Off	5					
5	4	1	4	3064873.4243	8	4	0	21600.0307817	Off	37	Off	5					
5	5	1	4	3047139.64156	8	4	0	21599.546038	Off	37	Off	5					
5	6	1	4	3095695.09696	8	4	0	21598.406013699998	Off	37	Off	5					
5	7	1	4	3299178.6105	8	4	0	21597.3907664	Off	37	Off	5					
5	8	1	4	3123303.90975	8	4	0	21598.0775458	Off	37	Off	5					
5	9	1	4	3054561.3192	8	4	0	21597.453797	Off	37	Off	5					
5	10	1	4	2862824.37674	8	4	0	21597.4845378	Off	37	Off	5					
5	11	1	4	3168296.84524	8	4	0	21597.375311699998	Off	37	Off	5					
6	2	1	4	3298320.22377	8	4	0	21600.3872892	Off	37	Off	5					
6	3	1	4	2950250.85087	8	4	0	21600.1402933	Off	37	Off	5					
6	4	1	4	3013588.04114	8	4	0	21600.0307913	Off	37	Off	5					
6	5	1	4	2557099.69445	8	4	0	21599.484033	Off	37	Off	5					
6	6	1	4	3145607.63456	8	4	0	21598.3280509	Off	37	Off	5					
6	7	1	4	2972047.28202	8	4	0	21597.3907882	Off	37	Off	5					
6	8	1	4	3009619.9729	8	4	0	21598.078548499998	Off	37	Off	5					
6	9	1	4	2888276.47494	8	4	0	21597.5155615	Off	37	Off	5					
6	10	1	4	3170966.58562	8	4	0	21597.5152918	Off	37	Off	5					
6	11	1	4	3649887.63009	8	4	0	21597.5312847	Off	37	Off	5					
7	2	1	4	3909739.49467	8	4	0	21600.465802	Off	37	Off	5					
7	3	1	4	3571472.06714	8	4	0	21600.124533899998	Off	37	Off	5					
7	4	1	4	3114512.25261	8	4	0	21600.0777916	Off	37	Off	5					
7	5	1	4	2736300.46467	8	4	0	21599.486543799998	Off	37	Off	5					
7	6	1	4	3071640.20589	8	4	0	21599.5152839	Off	37	Off	5					
7	7	1	4	3285925.92179	8	4	0	21597.453044399997	Off	37	Off	5					
7	8	1	4	3014177.01768	8	4	0	21597.4532701	Off	37	Off	5					
7	9	1	4	2713465.08464	8	4	0	21597.547036599997	Off	37	Off	5					
7	10	1	4	3255377.95843	8	4	0	21597.562512099998	Off	37	Off	5					
7	11	1	4	3424756.72083	8	4	0	21597.7657658	Off	37	Off	5					
2	2	1	5	2706294.18776	8	4	0	28800.1371377	Off	37	Off	5					
2	3	1	5	2401457.9859	8	4	0	28800.0646222	Off	37	Off	5					
2	4	1	5	2843282.10642	8	4	0	28800.311888	Off	37	Off	5					
2	5	1	5	3722025.07569	8	4	0	28800.296138399997	Off	37	Off	5					
2	6	1	5	2354669.46012	8	4	0	28798.280883	Off	37	Off	5					
2	7	1	5	4559407.848	8	4	0	28798.090893599998	Off	37	Off	5					
2	8	1	5	2087542.08727	8	4	0	28797.999639999998	Off	37	Off	5					
2	9	1	5	2623348.80766	8	4	0	28797.9061172	Off	37	Off	5					
2	10	1	5	2652675.82696	8	4	0	28798.171629599998	Off	37	Off	5					
2	11	1	5	2945561.96707	8	4	0	28797.9998886	Off	37	Off	5					
3	2	1	5	2817086.26412	8	4	0	28800.168636299997	Off	37	Off	5					
3	3	1	5	2587255.00679	8	4	0	28800.5123798	Off	37	Off	5					
3	4	1	5	2410599.30308	8	4	0	28800.3403888	Off	37	Off	5					
3	5	1	5	3037670.15984	8	4	0	28800.1869184	Off	37	Off	5					
3	6	1	5	2583921.77215	8	4	0	28798.2808811	Off	37	Off	5					
3	7	1	5	4445924.53576	8	4	0	28798.062367	Off	37	Off	5					
3	8	1	5	2434913.57312	8	4	0	28798.0623684	Off	37	Off	5					
3	9	1	5	2663304.63234	8	4	0	28798.047132199998	Off	37	Off	5					
3	10	1	5	2535501.02185	8	4	0	28798.2653783	Off	37	Off	5					
3	11	1	5	2636168.72042	8	4	0	28797.906136999998	Off	37	Off	5					
4	2	1	5	2316302.86899	8	4	0	28800.295877599998	Off	37	Off	5					
4	3	1	5	2792910.99828	8	4	0	28800.514893	Off	37	Off	5					
4	4	1	5	2600428.87868	8	4	0	28800.4043932	Off	37	Off	5					
4	5	1	5	2920822.08624	8	4	0	28799.921386899998	Off	37	Off	5					
4	6	1	5	2777732.31329	8	4	0	28798.2966346	Off	37	Off	5					
4	7	1	5	4182411.272	8	4	0	28798.0623916	Off	37	Off	5					
4	8	1	5	2397585.93087	8	4	0	28797.9998909	Off	37	Off	5					
4	9	1	5	2487836.91294	8	4	0	28797.9686454	Off	37	Off	5					
4	10	1	5	2748270.58889	8	4	0	28798.265392899997	Off	37	Off	5					
4	11	1	5	2575843.76542	8	4	0	28797.9221749	Off	37	Off	5					
5	2	1	5	2909486.79562	8	4	0	28800.2806332	Off	37	Off	5					
5	3	1	5	2918205.36808	8	4	0	28800.5306294	Off	37	Off	5					
5	4	1	5	2931131.32527	8	4	0	28800.405640999998	Off	37	Off	5					
5	5	1	5	2891378.99128	8	4	0	28799.95189	Off	37	Off	5					
5	6	1	5	2999749.24195	8	4	0	28798.765131099997	Off	37	Off	5					
5	7	1	5	3207511.79188	8	4	0	28797.7968625	Off	37	Off	5					
5	8	1	5	3012920.24778	8	4	0	28797.9681398	Off	37	Off	5					
5	9	1	5	2960277.78241	8	4	0	28798.0156377	Off	37	Off	5					
5	10	1	5	2761311.18873	8	4	0	28798.1561344	Off	37	Off	5					
5	11	1	5	3061634.76984	8	4	0	28798.187899499997	Off	37	Off	5					
6	2	1	5	3160938.22105	8	4	0	28800.3091432	Off	37	Off	5					
6	3	1	5	2855791.05103	8	4	0	28800.4211371	Off	37	Off	5					
6	4	1	5	2882693.37858	8	4	0	28800.436632099998	Off	37	Off	5					
6	5	1	5	2464488.50711	8	4	0	28799.8901304	Off	37	Off	5					
6	6	1	5	3024215.41348	8	4	0	28798.780887499997	Off	37	Off	5					
6	7	1	5	2865345.0817	8	4	0	28797.796885	Off	37	Off	5					
6	8	1	5	2823183.81932	8	4	0	28797.9841393	Off	37	Off	5					
6	9	1	5	2795850.14886	8	4	0	28798.1093874	Off	37	Off	5					
6	10	1	5	3045235.14077	8	4	0	28798.1556187	Off	37	Off	5					
6	11	1	5	3460508.02683	8	4	0	28799.0621373	Off	37	Off	5					
7	2	1	5	3794469.19034	8	4	0	28800.4656488	Off	37	Off	5					
7	3	1	5	3419894.44003	8	4	0	28800.4526319	Off	37	Off	5					
7	4	1	5	2992786.13485	8	4	0	28800.4211434	Off	37	Off	5					
7	5	1	5	2620081.49254	8	4	0	28799.921395399997	Off	37	Off	5					
7	6	1	5	2976608.6259	8	4	0	28800.0006354	Off	37	Off	5					
7	7	1	5	3220636.94066	8	4	0	28797.999641299997	Off	37	Off	5					
7	8	1	5	2930562.41119	8	4	0	28798.0311492	Off	37	Off	5					
7	9	1	5	2593333.93255	8	4	0	28798.187389799998	Off	37	Off	5					
7	10	1	5	3208844.51252	8	4	0	28798.1873824	Off	37	Off	5					
7	11	1	5	3290444.27468	8	4	0	28799.296383999997	Off	37	Off	5					
2	2	1	6	2575591.55162	8	4	0	36003.7300097	Off	37	Off	5					
2	3	1	6	2266040.67135	8	4	0	36004.2797213	Off	37	Off	5					
2	4	1	6	2761109.13108	8	4	0	36004.6387361	Off	37	Off	5					
2	5	1	6	3514811.37738	8	4	0	36004.716739899995	Off	37	Off	5					
2	6	1	6	2247928.56791	8	4	0	36003.341981699996	Off	37	Off	5					
2	7	1	6	4299075.91738	8	4	0	36003.2457151	Off	37	Off	5					
2	8	1	6	1878720.52599	8	4	0	36003.5452169	Off	37	Off	5					
2	9	1	6	2515103.23086	8	4	0	36003.498234	Off	37	Off	5					
2	10	1	6	2519760.58794	8	4	0	36003.1544904	Off	37	Off	5					
2	11	1	6	2855204.94056	8	4	0	36003.0454856	Off	37	Off	5					
3	2	1	6	2631416.78316	8	4	0	36003.1367368	Off	37	Off	5					
3	3	1	6	2443765.41764	8	4	0	36004.2457277	Off	37	Off	5					
3	4	1	6	2268203.11807	8	4	0	36004.6999904	Off	37	Off	5					
3	5	1	6	2973870.09993	8	4	0	36004.7012609	Off	37	Off	5					
3	6	1	6	2443169.27593	8	4	0	36003.342481499996	Off	37	Off	5					
3	7	1	6	4164279.1061	8	4	0	36003.2954687	Off	37	Off	5					
3	8	1	6	2312642.90284	8	4	0	36003.5452391	Off	37	Off	5					
3	9	1	6	2494126.49455	8	4	0	36003.5297385	Off	37	Off	5					
3	10	1	6	2366784.32067	8	4	0	36003.170475399995	Off	37	Off	5					
3	11	1	6	2495192.67107	8	4	0	36003.060988	Off	37	Off	5					
4	2	1	6	2056600.03984	8	4	0	36002.4684874	Off	37	Off	5					
4	3	1	6	2702652.85104	8	4	0	36004.2507434	Off	37	Off	5					
4	4	1	6	2525565.80441	8	4	0	36004.7314946	Off	37	Off	5					
4	5	1	6	2733987.5495	8	4	0	36004.6387323	Off	37	Off	5					
4	6	1	6	2660441.43251	8	4	0	36003.3889935	Off	37	Off	5					
4	7	1	6	3914970.06493	8	4	0	36003.3267508	Off	37	Off	5					
4	8	1	6	2267678.62801	8	4	0	36003.5297422	Off	37	Off	5					
4	9	1	6	2344497.79225	8	4	0	36002.920489	Off	37	Off	5					
4	10	1	6	2613422.18843	8	4	0	36003.1859863	Off	37	Off	5					
4	11	1	6	2461910.48083	8	4	0	36003.529527599996	Off	37	Off	5					
5	2	1	6	2775251.73325	8	4	0	36001.8109799	Off	37	Off	5					
5	3	1	6	2808863.52106	8	4	0	36004.280987599996	Off	37	Off	5					
5	4	1	6	2806190.91461	8	4	0	36004.7024807	Off	37	Off	5					
5	5	1	6	2777425.64423	8	4	0	36004.6694859	Off	37	Off	5					
5	6	1	6	2941245.67182	8	4	0	36003.7639852	Off	37	Off	5					
5	7	1	6	3131201.35433	8	4	0	36003.0139616	Off	37	Off	5					
5	8	1	6	2915815.06912	8	4	0	36003.5292386	Off	37	Off	5					
5	9	1	6	2845408.72732	8	4	0	36002.954269199996	Off	37	Off	5					
5	10	1	6	2678873.10229	8	4	0	36003.029727299996	Off	37	Off	5					
5	11	1	6	2998010.97299	8	4	0	36003.3889957	Off	37	Off	5					
6	2	1	6	3042777.48927	8	4	0	36001.1837402	Off	37	Off	5					
6	3	1	6	2688227.94138	8	4	0	36004.2822366	Off	37	Off	5					
6	4	1	6	2768186.88082	8	4	0	36004.6869827	Off	37	Off	5					
6	5	1	6	2289966.58946	8	4	0	36004.7504787	Off	37	Off	5					
6	6	1	6	2944743.70525	8	4	0	36003.7014957	Off	37	Off	5					
6	7	1	6	2768599.5943	8	4	0	36002.9987383	Off	37	Off	5					
6	8	1	6	2662265.68345	8	4	0	36003.0142391	Off	37	Off	5					
6	9	1	6	2689338.54192	8	4	0	36002.9517489	Off	37	Off	5					
6	10	1	6	2946891.82164	8	4	0	36003.076250499995	Off	37	Off	5					
6	11	1	6	3443320.22964	8	4	0	36003.342231999995	Off	37	Off	5					
7	2	1	6	3693638.12601	8	4	0	36000.7960085	Off	37	Off	5					
7	3	1	6	3325509.1579	8	4	0	36004.2794841	Off	37	Off	5					
7	4	1	6	2832325.1365	8	4	0	36004.2794957	Off	37	Off	5					
7	5	1	6	2533332.84299	8	4	0	36004.781995599995	Off	37	Off	5					
7	6	1	6	2907193.9429	8	4	0	36004.8902382	Off	37	Off	5					
7	7	1	6	3146352.8117	8	4	0	36003.0139921	Off	37	Off	5					
7	8	1	6	2882861.04343	8	4	0	36003.0297174	Off	37	Off	5					
7	9	1	6	2467695.63485	8	4	0	36003.1704921	Off	37	Off	5					
7	10	1	6	3107380.04763	8	4	0	36003.0922336	Off	37	Off	5					
7	11	1	6	3240673.60734	8	4	0	36003.263988	Off	37	Off	5					
2	2	1	7	2398845.56683	8	4	0	43203.1363545	Off	37	Off	5					
2	3	1	7	2158223.57139	8	4	0	43203.8423167	Off	37	Off	5					
2	4	1	7	2658948.21217	8	4	0	43203.435842599996	Off	37	Off	5					
2	5	1	7	3123973.13614	8	4	0	43203.5450833	Off	37	Off	5					
2	6	1	7	2115362.98893	8	4	0	43201.6860782	Off	37	Off	5					
2	7	1	7	3997048.46009	8	4	0	43201.5273334	Off	37	Off	5					
2	8	1	7	1754373.39097	8	4	0	43201.8110848	Off	37	Off	5					
2	9	1	7	2402969.83566	8	4	0	43201.764332499995	Off	37	Off	5					
2	10	1	7	2401498.11082	8	4	0	43201.6395777	Off	37	Off	5					
2	11	1	7	2757679.88324	8	4	0	43201.5143355	Off	37	Off	5					
3	2	1	7	2481254.99261	8	4	0	43202.3865861	Off	37	Off	5					
3	3	1	7	2337004.46297	8	4	0	43203.792576499996	Off	37	Off	5					
3	4	1	7	2160621.03552	8	4	0	43203.4800855	Off	37	Off	5					
3	5	1	7	2615141.82797	8	4	0	43203.4983562	Off	37	Off	5					
3	6	1	7	2331346.84888	8	4	0	43201.623578399995	Off	37	Off	5					
3	7	1	7	3832713.97368	8	4	0	43201.4988111	Off	37	Off	5					
3	8	1	7	2210649.64879	8	4	0	43201.920850099996	Off	37	Off	5					
3	9	1	7	2335491.18017	8	4	0	43201.8268332	Off	37	Off	5					
3	10	1	7	2249504.90415	8	4	0	43201.7488255	Off	37	Off	5					
3	11	1	7	2349407.36314	8	4	0	43201.5923432	Off	37	Off	5					
4	2	1	7	1915184.04937	8	4	0	43201.6390642	Off	37	Off	5					
4	3	1	7	2599163.51059	8	4	0	43203.7950839	Off	37	Off	5					
4	4	1	7	2431783.82916	8	4	0	43203.527080299995	Off	37	Off	5					
4	5	1	7	2531455.56983	8	4	0	43203.264082	Off	37	Off	5					
4	6	1	7	2502953.97752	8	4	0	43201.623587999995	Off	37	Off	5					
4	7	1	7	3613402.61122	8	4	0	43202.0460856	Off	37	Off	5					
4	8	1	7	2091811.09242	8	4	0	43201.8270926	Off	37	Off	5					
4	9	1	7	2233055.11894	8	4	0	43201.295834799996	Off	37	Off	5					
4	10	1	7	2483635.26034	8	4	0	43201.4985605	Off	37	Off	5					
4	11	1	7	2325375.40059	8	4	0	43201.5456138	Off	37	Off	5					
5	2	1	7	2590283.00541	8	4	0	43201.061335499995	Off	37	Off	5					
5	3	1	7	2751602.3905	8	4	0	43203.7638364	Off	37	Off	5					
5	4	1	7	2665971.50665	8	4	0	43203.5920759	Off	37	Off	5					
5	5	1	7	2686512.60094	8	4	0	43203.2790902	Off	37	Off	5					
5	6	1	7	2880088.12468	8	4	0	43202.0765781	Off	37	Off	5					
5	7	1	7	3055557.2771	8	4	0	43201.8268044	Off	37	Off	5					
5	8	1	7	2768032.11326	8	4	0	43201.8105937	Off	37	Off	5					
5	9	1	7	2740063.6092	8	4	0	43201.3115853	Off	37	Off	5					
5	10	1	7	2593286.64247	8	4	0	43201.451827799996	Off	37	Off	5					
5	11	1	7	2849138.91208	8	4	0	43201.4833488	Off	37	Off	5					
6	2	1	7	2917600.62817	8	4	0	43200.5275834	Off	37	Off	5					
6	3	1	7	2569868.01802	8	4	0	43203.6413435	Off	37	Off	5					
6	4	1	7	2659657.56348	8	4	0	43203.607575999995	Off	37	Off	5					
6	5	1	7	2136073.18111	8	4	0	43203.2013294	Off	37	Off	5					
6	6	1	7	2866071.6294	8	4	0	43202.046841999996	Off	37	Off	5					
6	7	1	7	2691949.52795	8	4	0	43201.7955818	Off	37	Off	5					
6	8	1	7	2532964.55353	8	4	0	43201.7800966	Off	37	Off	5					
6	9	1	7	2569869.45105	8	4	0	43201.280083699996	Off	37	Off	5					
6	10	1	7	2847523.88395	8	4	0	43201.4513352	Off	37	Off	5					
6	11	1	7	3297050.55658	8	4	0	43201.4673312	Off	37	Off	5					
7	2	1	7	3563207.76613	8	4	0	43200.4653528	Off	37	Off	5					
7	3	1	7	3230182.37313	8	4	0	43203.639075	Off	37	Off	5					
7	4	1	7	2688953.05605	8	4	0	43203.654589	Off	37	Off	5					
7	5	1	7	2464710.62722	8	4	0	43203.2173329	Off	37	Off	5					
7	6	1	7	2814412.22464	8	4	0	43203.248325	Off	37	Off	5					
7	7	1	7	3073763.96072	8	4	0	43201.7798106	Off	37	Off	5					
7	8	1	7	2812319.99653	8	4	0	43201.7643349	Off	37	Off	5					
7	9	1	7	2340462.37147	8	4	0	43201.514336399996	Off	37	Off	5					
7	10	1	7	3008383.26547	8	4	0	43201.4988321	Off	37	Off	5					
7	11	1	7	3147850.33113	8	4	0	43201.639328	Off	37	Off	5					
2	2	1	8	2319025.63159	8	4	0	50402.4487052	Off	37	Off	5					
2	3	1	8	2059701.12314	8	4	0	50403.029663099995	Off	37	Off	5					
2	4	1	8	2580936.76452	8	4	0	50402.529653699996	Off	37	Off	5					
2	5	1	8	2755106.15606	8	4	0	50402.5136906	Off	37	Off	5					
2	6	1	8	2015096.53958	8	4	0	50401.1549276	Off	37	Off	5					
2	7	1	8	3722088.12914	8	4	0	50401.042934	Off	37	Off	5					
2	8	1	8	1640389.95024	8	4	0	50400.8111863	Off	37	Off	5					
2	9	1	8	2280820.97318	8	4	0	50400.8269393	Off	37	Off	5					
2	10	1	8	2280201.90295	8	4	0	50400.2826775	Off	37	Off	5					
2	11	1	8	2699646.34791	8	4	0	50400.108435199996	Off	37	Off	5					
3	2	1	8	2348548.9764	8	4	0	50401.9021773	Off	37	Off	5					
3	3	1	8	2196342.24783	8	4	0	50402.9486691	Off	37	Off	5					
3	4	1	8	2031026.13384	8	4	0	50402.621180999995	Off	37	Off	5					
3	5	1	8	2090787.9069	8	4	0	50402.982453799996	Off	37	Off	5					
3	6	1	8	2215617.97402	8	4	0	50401.1701778	Off	37	Off	5					
3	7	1	8	3528866.56454	8	4	0	50401.029907799995	Off	37	Off	5					
3	8	1	8	2148392.96537	8	4	0	50400.8426826	Off	37	Off	5					
3	9	1	8	2244449.16391	8	4	0	50400.936429299996	Off	37	Off	5					
3	10	1	8	2128180.03562	8	4	0	50400.37392	Off	37	Off	5					
3	11	1	8	2254070.54713	8	4	0	50400.092673	Off	37	Off	5					
4	2	1	8	1766905.26411	8	4	0	50401.357673	Off	37	Off	5					
4	3	1	8	2551231.42452	8	4	0	50402.8889338	Off	37	Off	5					
4	4	1	8	2351784.7648	8	4	0	50402.6991766	Off	37	Off	5					
4	5	1	8	2244985.11823	8	4	0	50402.748422599994	Off	37	Off	5					
4	6	1	8	2392363.9588	8	4	0	50401.249175799996	Off	37	Off	5					
4	7	1	8	3274468.82337	8	4	0	50401.0769342	Off	37	Off	5					
4	8	1	8	1984102.90297	8	4	0	50400.8269332	Off	37	Off	5					
4	9	1	8	2092026.04736	8	4	0	50400.3269276	Off	37	Off	5					
4	10	1	8	2354013.13103	8	4	0	50400.4831591	Off	37	Off	5					
4	11	1	8	2186077.43282	8	4	0	50399.998965599996	Off	37	Off	5					
5	2	1	8	2469445.36808	8	4	0	50400.9206567	Off	37	Off	5					
5	3	1	8	2676164.67002	8	4	0	50402.904434799995	Off	37	Off	5					
5	4	1	8	2535218.71436	8	4	0	50402.7794017	Off	37	Off	5					
5	5	1	8	2530686.03114	8	4	0	50402.7634327	Off	37	Off	5					
5	6	1	8	2821137.44827	8	4	0	50401.7484277	Off	37	Off	5					
5	7	1	8	3003069.57929	8	4	0	50400.7019072	Off	37	Off	5					
5	8	1	8	2667841.61465	8	4	0	50400.763936899995	Off	37	Off	5					
5	9	1	8	2649537.4848	8	4	0	50400.3116807	Off	37	Off	5					
5	10	1	8	2503409.68199	8	4	0	50400.4361781	Off	37	Off	5					
5	11	1	8	2774937.89904	8	4	0	50399.8114459	Off	37	Off	5					
6	2	1	8	2815709.11946	8	4	0	50400.6054065	Off	37	Off	5					
6	3	1	8	2462437.83696	8	4	0	50402.7949359	Off	37	Off	5					
6	4	1	8	2557026.60977	8	4	0	50402.7639228	Off	37	Off	5					
6	5	1	8	2049970.82942	8	4	0	50402.7014333	Off	37	Off	5					
6	6	1	8	2790522.13235	8	4	0	50401.6704368	Off	37	Off	5					
6	7	1	8	2653951.22628	8	4	0	50400.6864317	Off	37	Off	5					
6	8	1	8	2362558.30651	8	4	0	50400.733183799995	Off	37	Off	5					
6	9	1	8	2480590.06532	8	4	0	50400.3114323	Off	37	Off	5					
6	10	1	8	2747701.67481	8	4	0	50400.482690599994	Off	37	Off	5					
6	11	1	8	3202417.35975	8	4	0	50399.7646749	Off	37	Off	5					
7	2	1	8	3453989.15995	8	4	0	50400.465439299995	Off	37	Off	5					
7	3	1	8	3128488.62296	8	4	0	50402.7771774	Off	37	Off	5					
7	4	1	8	2577893.00253	8	4	0	50402.763940599994	Off	37	Off	5					
7	5	1	8	2358898.34035	8	4	0	50402.8891828	Off	37	Off	5					
7	6	1	8	2741847.73522	8	4	0	50402.8889326	Off	37	Off	5					
7	7	1	8	3011111.7602	8	4	0	50400.7811866	Off	37	Off	5					
7	8	1	8	2748369.46817	8	4	0	50400.7801806	Off	37	Off	5					
7	9	1	8	2243752.7099	8	4	0	50400.389433899996	Off	37	Off	5					
7	10	1	8	2917305.42338	8	4	0	50400.530177	Off	37	Off	5					
7	11	1	8	3059680.1129	8	4	0	50399.7021791	Off	37	Off	5					
2	2	1	9	2199271.36717	8	4	0	57600.745803699996	Off	37	Off	5					
2	3	1	9	1974448.55999	8	4	0	57600.6865078	Off	37	Off	5					
2	4	1	9	2498235.00002	8	4	0	57600.561281999995	Off	37	Off	5					
2	5	1	9	2192183.58621	8	4	0	57600.5297801	Off	37	Off	5					
2	6	1	9	1890419.80698	8	4	0	57598.920749699995	Off	37	Off	5					
2	7	1	9	3433706.01159	8	4	0	57598.8557781	Off	37	Off	5					
2	8	1	9	1522533.02144	8	4	0	57598.9517873	Off	37	Off	5					
2	9	1	9	2152929.94768	8	4	0	57599.7487538	Off	37	Off	5					
2	10	1	9	2233320.23003	8	4	0	57598.780275599995	Off	37	Off	5					
2	11	1	9	2654007.11457	8	4	0	57598.6710281	Off	37	Off	5					
3	2	1	9	2233411.94414	8	4	0	57600.7305325	Off	37	Off	5					
3	3	1	9	2079233.36223	8	4	0	57600.621025	Off	37	Off	5					
3	4	1	9	1915453.45956	8	4	0	57600.6364957	Off	37	Off	5					
3	5	1	9	1630801.52678	8	4	0	57600.4205513	Off	37	Off	5					
3	6	1	9	2101243.31529	8	4	0	57598.9047755	Off	37	Off	5					
3	7	1	9	3302679.51	8	4	0	57598.936523799995	Off	37	Off	5					
3	8	1	9	2040965.65037	8	4	0	57599.0147783	Off	37	Off	5					
3	9	1	9	2137413.06691	8	4	0	57599.7490311	Off	37	Off	5					
3	10	1	9	2005605.56236	8	4	0	57598.936516899994	Off	37	Off	5					
3	11	1	9	2106221.67175	8	4	0	57598.686532199994	Off	37	Off	5					
4	2	1	9	1665965.28927	8	4	0	57600.8270201	Off	37	Off	5					
4	3	1	9	2451131.207	8	4	0	57600.639278899995	Off	37	Off	5					
4	4	1	9	2278770.30303	8	4	0	57600.3872726	Off	37	Off	5					
4	5	1	9	1726078.1554	8	4	0	57600.1395195	Off	37	Off	5					
4	6	1	9	2266115.18906	8	4	0	57598.921031499995	Off	37	Off	5					
4	7	1	9	2984768.31551	8	4	0	57598.921031699996	Off	37	Off	5					
4	8	1	9	1884689.10822	8	4	0	57599.014745299995	Off	37	Off	5					
4	9	1	9	1996537.32986	8	4	0	57599.170782199995	Off	37	Off	5					
4	10	1	9	2211883.49015	8	4	0	57598.99903	Off	37	Off	5					
4	11	1	9	2064917.36307	8	4	0	57598.6240661	Off	37	Off	5					
5	2	1	9	2348090.40586	8	4	0	57600.764282	Off	37	Off	5					
5	3	1	9	2607926.50707	8	4	0	57600.654782499994	Off	37	Off	5					
5	4	1	9	2469048.41795	8	4	0	57600.4675251	Off	37	Off	5					
5	5	1	9	2396013.89372	8	4	0	57600.1857531	Off	37	Off	5					
5	6	1	9	2754158.92128	8	4	0	57599.279997	Off	37	Off	5					
5	7	1	9	2960932.67847	8	4	0	57598.546501599994	Off	37	Off	5					
5	8	1	9	2531815.2611	8	4	0	57599.014028	Off	37	Off	5					
5	9	1	9	2531704.91757	8	4	0	57599.1090278	Off	37	Off	5					
5	10	1	9	2414597.465	8	4	0	57598.9365175	Off	37	Off	5					
5	11	1	9	2640476.41747	8	4	0	57598.4522868	Off	37	Off	5					
6	2	1	9	2659302.17131	8	4	0	57600.8085313	Off	37	Off	5					
6	3	1	9	2378176.93261	8	4	0	57600.532774499996	Off	37	Off	5					
6	4	1	9	2473890.63629	8	4	0	57600.451772399996	Off	37	Off	5					
6	5	1	9	1908749.73143	8	4	0	57600.1080209	Off	37	Off	5					
6	6	1	9	2707811.76966	8	4	0	57599.186278299996	Off	37	Off	5					
6	7	1	9	2595837.44112	8	4	0	57598.5617767	Off	37	Off	5					
6	8	1	9	2220918.7629	8	4	0	57598.4680314	Off	37	Off	5					
6	9	1	9	2407311.92549	8	4	0	57599.0927783	Off	37	Off	5					
6	10	1	9	2624284.57818	8	4	0	57598.967279	Off	37	Off	5					
6	11	1	9	3069198.31774	8	4	0	57598.4210291	Off	37	Off	5					
7	2	1	9	3333694.6421	8	4	0	57600.465034299996	Off	37	Off	5					
7	3	1	9	3051901.61005	8	4	0	57600.465019799994	Off	37	Off	5					
7	4	1	9	2420657.76134	8	4	0	57600.4207895	Off	37	Off	5					
7	5	1	9	2265708.20771	8	4	0	57600.061529499995	Off	37	Off	5					
7	6	1	9	2678231.10353	8	4	0	57600.373774299995	Off	37	Off	5					
7	7	1	9	2974279.94736	8	4	0	57598.514775799995	Off	37	Off	5					
7	8	1	9	2696330.30967	8	4	0	57598.4680283	Off	37	Off	5					
7	9	1	9	2177212.691	8	4	0	57599.0770363	Off	37	Off	5					
7	10	1	9	2863826.06677	8	4	0	57599.061524799996	Off	37	Off	5					
7	11	1	9	2952334.48078	8	4	0	57598.389782399994	Off	37	Off	5					
2	2	1	10	2106809.21526	8	4	0	64800.4176483	Off	37	Off	5					
2	3	1	10	1862048.62067	8	4	0	64800.405110299995	Off	37	Off	5					
2	4	1	10	2413403.74856	8	4	0	64799.842376099994	Off	37	Off	5					
2	5	1	10	1428206.49367	8	4	0	64799.8736255	Off	37	Off	5					
2	6	1	10	1809877.62314	8	4	0	64798.373869699994	Off	37	Off	5					
2	7	1	10	3236748.5301	8	4	0	64798.261872099996	Off	37	Off	5					
2	8	1	10	1429099.27319	8	4	0	64797.9833746	Off	37	Off	5					
2	9	1	10	2082334.44553	8	4	0	64797.967874199996	Off	37	Off	5					
2	10	1	10	2157988.55399	8	4	0	64797.046119499995	Off	37	Off	5					
2	11	1	10	2571755.32241	8	4	0	64796.9681277	Off	37	Off	5					
3	2	1	10	2109087.73765	8	4	0	64800.4178729	Off	37	Off	5					
3	3	1	10	1965760.08123	8	4	0	64800.3241151	Off	37	Off	5					
3	4	1	10	1830709.62311	8	4	0	64799.9021249	Off	37	Off	5					
3	5	1	10	1111754.12672	8	4	0	64799.857903799995	Off	37	Off	5					
3	6	1	10	2002269.46166	8	4	0	64798.373617	Off	37	Off	5					
3	7	1	10	3108611.02293	8	4	0	64798.233602199994	Off	37	Off	5					
3	8	1	10	1960553.87252	8	4	0	64798.062122699994	Off	37	Off	5					
3	9	1	10	2010552.3921	8	4	0	64798.0466247	Off	37	Off	5					
3	10	1	10	1883850.78395	8	4	0	64797.1868641	Off	37	Off	5					
3	11	1	10	2013937.21593	8	4	0	64796.952381099996	Off	37	Off	5					
4	2	1	10	1548736.02891	8	4	0	64800.5296187	Off	37	Off	5					
4	3	1	10	2370332.51025	8	4	0	64800.311126199995	Off	37	Off	5					
4	4	1	10	2212383.61865	8	4	0	64800.042879999994	Off	37	Off	5					
4	5	1	10	1146112.52469	8	4	0	64799.686117699996	Off	37	Off	5					
4	6	1	10	2140452.5298	8	4	0	64798.4363495	Off	37	Off	5					
4	7	1	10	2762466.21328	8	4	0	64798.249128899995	Off	37	Off	5					
4	8	1	10	1767143.14758	8	4	0	64798.0461304	Off	37	Off	5					
4	9	1	10	1842665.417	8	4	0	64797.4211238	Off	37	Off	5					
4	10	1	10	2067909.53587	8	4	0	64797.296124399996	Off	37	Off	5					
4	11	1	10	1938328.96452	8	4	0	64796.876906599995	Off	37	Off	5					
5	2	1	10	2230070.11131	8	4	0	64800.560876899995	Off	37	Off	5					
5	3	1	10	2527642.26916	8	4	0	64800.232875999995	Off	37	Off	5					
5	4	1	10	2285140.13449	8	4	0	64800.139369799996	Off	37	Off	5					
5	5	1	10	2309663.62734	8	4	0	64799.810621	Off	37	Off	5					
5	6	1	10	2700269.71725	8	4	0	64798.920625	Off	37	Off	5					
5	7	1	10	2912897.41403	8	4	0	64797.905350199995	Off	37	Off	5					
5	8	1	10	2454510.29869	8	4	0	64798.045382899996	Off	37	Off	5					
5	9	1	10	2417429.13811	8	4	0	64797.421375499995	Off	37	Off	5					
5	10	1	10	2308694.89707	8	4	0	64797.296125199995	Off	37	Off	5					
5	11	1	10	2506787.34065	8	4	0	64796.655630999994	Off	37	Off	5					
6	2	1	10	2550798.64857	8	4	0	64800.6208528	Off	37	Off	5					
6	3	1	10	2299735.57507	8	4	0	64800.108129399996	Off	37	Off	5					
6	4	1	10	2410434.50429	8	4	0	64800.1093683	Off	37	Off	5					
6	5	1	10	1810770.40267	8	4	0	64799.9518643	Off	37	Off	5					
6	6	1	10	2631487.00178	8	4	0	64798.8898488	Off	37	Off	5					
6	7	1	10	2544501.9018	8	4	0	64797.8898709	Off	37	Off	5					
6	8	1	10	2072830.57102	8	4	0	64797.967875799994	Off	37	Off	5					
6	9	1	10	2316785.80109	8	4	0	64797.374870299995	Off	37	Off	5					
6	10	1	10	2501185.61486	8	4	0	64797.3581337	Off	37	Off	5					
6	11	1	10	2939388.46112	8	4	0	64796.6868614	Off	37	Off	5					
7	2	1	10	3262232.15502	8	4	0	64800.5298871	Off	37	Off	5					
7	3	1	10	2958035.08585	8	4	0	64800.089864999994	Off	37	Off	5					
7	4	1	10	2316192.52545	8	4	0	64800.0611258	Off	37	Off	5					
7	5	1	10	2155741.55833	8	4	0	64800.0143731	Off	37	Off	5					
7	6	1	10	2609813.81146	8	4	0	64800.0611179	Off	37	Off	5					
7	7	1	10	2919244.31696	8	4	0	64797.920873899995	Off	37	Off	5					
7	8	1	10	2640479.28353	8	4	0	64797.952381699994	Off	37	Off	5					
7	9	1	10	2096475.61467	8	4	0	64797.4068778	Off	37	Off	5					
7	10	1	10	2766278.08093	8	4	0	64797.4053707	Off	37	Off	5					
7	11	1	10	2820343.54801	8	4	0	64796.8456218	Off	37	Off	5					
2	2	1	11	2037702.63435	8	4	0	72000.0739986	Off	37	Off	5					
2	3	1	11	1766081.27016	8	4	0	72000.0457065	Off	37	Off	5					
2	4	1	11	2344923.40304	8	4	0	71999.217477999991	Off	37	Off	5					
2	5	1	11	1141923.76938	8	4	0	71999.2017223	Off	37	Off	5					
2	6	1	11	1726131.17762	8	4	0	71997.6394412	Off	37	Off	5					
2	7	1	11	3087652.91605	8	4	0	71997.683723	Off	37	Off	5					
2	8	1	11	1366017.16279	8	4	0	71997.5614752	Off	37	Off	5					
2	9	1	11	2022425.07008	8	4	0	71997.4989703	Off	37	Off	5					
2	10	1	11	2034359.36848	8	4	0	71996.5304657	Off	37	Off	5					
2	11	1	11	2514882.54378	8	4	0	71996.4212263	Off	37	Off	5					
3	2	1	11	1986099.11787	8	4	0	72000.1522177	Off	37	Off	5					
3	3	1	11	1877137.02458	8	4	0	71999.8864669	Off	37	Off	5					
3	4	1	11	1724772.66239	8	4	0	71999.2929779	Off	37	Off	5					
3	5	1	11	703922.980766	8	4	0	71999.1237444	Off	37	Off	5					
3	6	1	11	1885431.41929	8	4	0	71997.654966599992	Off	37	Off	5					
3	7	1	11	2968150.86543	8	4	0	71997.6397016	Off	37	Off	5					
3	8	1	11	1899154.14281	8	4	0	71997.6709771	Off	37	Off	5					
3	9	1	11	1941643.56973	8	4	0	71997.5144383	Off	37	Off	5					
3	10	1	11	1794379.3718	8	4	0	71996.6557113	Off	37	Off	5					
3	11	1	11	1916857.83185	8	4	0	71996.420969899991	Off	37	Off	5					
4	2	1	11	1427084.42887	8	4	0	72000.2637121	Off	37	Off	5					
4	3	1	11	2288807.2658	8	4	0	71999.8577327	Off	37	Off	5					
4	4	1	11	2136207.8862	8	4	0	71999.4024723	Off	37	Off	5					
4	5	1	11	776421.55067	8	4	0	71999.0769648	Off	37	Off	5					
4	6	1	11	2031076.28999	8	4	0	71997.6707145	Off	37	Off	5					
4	7	1	11	2574258.83097	8	4	0	71997.639721799991	Off	37	Off	5					
4	8	1	11	1682982.55554	8	4	0	71997.5617239	Off	37	Off	5					
4	9	1	11	1747006.16858	8	4	0	71996.889974199992	Off	37	Off	5					
4	10	1	11	1958556.22459	8	4	0	71996.7022212	Off	37	Off	5					
4	11	1	11	1770205.53899	8	4	0	71996.3587531	Off	37	Off	5					
5	2	1	11	2136348.32343	8	4	0	72000.2949966	Off	37	Off	5					
5	3	1	11	2476729.47456	8	4	0	71999.7797305	Off	37	Off	5					
5	4	1	11	2196683.30967	8	4	0	71999.5297156	Off	37	Off	5					
5	5	1	11	2243242.55017	8	4	0	71999.123219599991	Off	37	Off	5					
5	6	1	11	2660686.48114	8	4	0	71998.061463199992	Off	37	Off	5					
5	7	1	11	2893701.93769	8	4	0	71997.3742012	Off	37	Off	5					
5	8	1	11	2451198.55954	8	4	0	71997.48295189999	Off	37	Off	5					
5	9	1	11	2316307.16809	8	4	0	71996.9057319	Off	37	Off	5					
5	10	1	11	2242868.52857	8	4	0	71996.6242119	Off	37	Off	5					
5	11	1	11	2303907.13398	8	4	0	71996.2494852	Off	37	Off	5					
6	2	1	11	2516284.05	8	4	0	72000.3082204	Off	37	Off	5					
6	3	1	11	2210034.87765	8	4	0	71999.7329706	Off	37	Off	5					
6	4	1	11	2327138.03111	8	4	0	71999.6397095	Off	37	Off	5					
6	5	1	11	1688009.63512	8	4	0	71999.2017182	Off	37	Off	5					
6	6	1	11	2560554.73689	8	4	0	71997.9677252	Off	37	Off	5					
6	7	1	11	2501191.34699	8	4	0	71997.421220199991	Off	37	Off	5					
6	8	1	11	1914031.89088	8	4	0	71997.436732599992	Off	37	Off	5					
6	9	1	11	2264884.21376	8	4	0	71996.8742207	Off	37	Off	5					
6	10	1	11	2319911.24595	8	4	0	71996.70247199999	Off	37	Off	5					
6	11	1	11	2715307.96501	8	4	0	71996.2337168	Off	37	Off	5					
7	2	1	11	3185696.7313	8	4	0	72000.4647276	Off	37	Off	5					
7	3	1	11	2910279.26284	8	4	0	71999.683712999991	Off	37	Off	5					
7	4	1	11	2209230.94617	8	4	0	71999.670480699991	Off	37	Off	5					
7	5	1	11	2089926.65409	8	4	0	71999.170726	Off	37	Off	5					
7	6	1	11	2592896.8575	8	4	0	71999.1862152	Off	37	Off	5					
7	7	1	11	2885004.86072	8	4	0	71997.373968	Off	37	Off	5					
7	8	1	11	2601745.83596	8	4	0	71997.4054737	Off	37	Off	5					
7	9	1	11	2035442.74139	8	4	0	71996.859220999992	Off	37	Off	5					
7	10	1	11	2678378.70592	8	4	0	71996.7649632	Off	37	Off	5					
7	11	1	11	2679977.97069	8	4	0	71996.249471299991	Off	37	Off	5					
2	2	1	12	1939951.15782	8	4	0	79200.5735921	Off	37	Off	5					
2	3	1	12	1674556.3218	8	4	0	79200.5325489	Off	37	Off	5					
2	4	1	12	2283217.00427	8	4	0	79199.8578186	Off	37	Off	5					
2	5	1	12	807241.790296	8	4	0	79199.84206889999	Off	37	Off	5					
2	6	1	12	1635918.88744	8	4	0	79197.920562899992	Off	37	Off	5					
2	7	1	12	2960475.54096	8	4	0	79197.855568899991	Off	37	Off	5					
2	8	1	12	1275137.07926	8	4	0	79198.4360723	Off	37	Off	5					
2	9	1	12	1920643.9049	8	4	0	79198.3428175	Off	37	Off	5					
2	10	1	12	2000157.17109	8	4	0	79197.7333128	Off	37	Off	5					
2	11	1	12	2463461.02249	8	4	0	79197.5303227	Off	37	Off	5					
3	2	1	12	1893429.17618	8	4	0	79200.605065999989	Off	37	Off	5					
3	3	1	12	1775236.91767	8	4	0	79200.3395554	Off	37	Off	5					
3	4	1	12	1618395.76054	8	4	0	79199.9175686	Off	37	Off	5					
3	5	1	12	355920.96042	8	4	0	79199.7751209	Off	37	Off	5					
3	6	1	12	1779199.25377	8	4	0	79197.9205602	Off	37	Off	5					
3	7	1	12	2857936.30136	8	4	0	79198.3268064	Off	37	Off	5					
3	8	1	12	1805869.42998	8	4	0	79198.373819899993	Off	37	Off	5					
3	9	1	12	1850565.72765	8	4	0	79198.3425724	Off	37	Off	5					
3	10	1	12	1659821.87702	8	4	0	79197.8740602	Off	37	Off	5					
3	11	1	12	1849564.03762	8	4	0	79197.4363163	Off	37	Off	5					
4	2	1	12	1348289.11219	8	4	0	79200.2325667	Off	37	Off	5					
4	3	1	12	2250583.97797	8	4	0	79200.326298799991	Off	37	Off	5					
4	4	1	12	2089006.64694	8	4	0	79199.9800673	Off	37	Off	5					
4	5	1	12	388655.732066	8	4	0	79199.5610361	Off	37	Off	5					
4	6	1	12	1928711.8804	8	4	0	79197.967571799993	Off	37	Off	5					
4	7	1	12	2403889.84281	8	4	0	79198.40507149999	Off	37	Off	5					
4	8	1	12	1604946.74632	8	4	0	79198.280075599992	Off	37	Off	5					
4	9	1	12	1656544.53067	8	4	0	79197.7333185	Off	37	Off	5					
4	10	1	12	1865850.45708	8	4	0	79197.967567899992	Off	37	Off	5					
4	11	1	12	1674595.01369	8	4	0	79197.3738525	Off	37	Off	5					
5	2	1	12	2053948.92889	8	4	0	79200.279568	Off	37	Off	5					
5	3	1	12	2422559.39607	8	4	0	79200.3263204	Off	37	Off	5					
5	4	1	12	2108490.16291	8	4	0	79200.1075655	Off	37	Off	5					
5	5	1	12	2138281.48488	8	4	0	79199.513566	Off	37	Off	5					
5	6	1	12	2616245.26334	8	4	0	79198.280562	Off	37	Off	5					
5	7	1	12	2849461.3445	8	4	0	79198.0767915	Off	37	Off	5					
5	8	1	12	2304271.12435	8	4	0	79198.17007	Off	37	Off	5					
5	9	1	12	2225197.79928	8	4	0	79197.7645686	Off	37	Off	5					
5	10	1	12	2157380.94802	8	4	0	79197.9050692	Off	37	Off	5					
5	11	1	12	2111877.8528	8	4	0	79197.233328399991	Off	37	Off	5					
6	2	1	12	2438371.48162	8	4	0	79200.3237983	Off	37	Off	5					
6	3	1	12	2104317.17096	8	4	0	79200.2170736	Off	37	Off	5					
6	4	1	12	2261678.51905	8	4	0	79200.2170606	Off	37	Off	5					
6	5	1	12	1589769.49436	8	4	0	79199.4360641	Off	37	Off	5					
6	6	1	12	2500030.5903	8	4	0	79198.2018202	Off	37	Off	5					
6	7	1	12	2471299.71271	8	4	0	79198.0925648	Off	37	Off	5					
6	8	1	12	1805813.5417	8	4	0	79198.2175824	Off	37	Off	5					
6	9	1	12	2202578.80722	8	4	0	79197.7175693	Off	37	Off	5					
6	10	1	12	2187223.85917	8	4	0	79197.7953212	Off	37	Off	5					
6	11	1	12	2534396.15344	8	4	0	79197.21782179999	Off	37	Off	5					
7	2	1	12	3193065.38672	8	4	0	79200.4645829	Off	37	Off	5					
7	3	1	12	2884884.48595	8	4	0	79200.1833125	Off	37	Off	5					
7	4	1	12	2085908.42971	8	4	0	79200.2170754	Off	37	Off	5					
7	5	1	12	2005106.8669	8	4	0	79199.404818	Off	37	Off	5					
7	6	1	12	2534768.74201	8	4	0	79199.4045683	Off	37	Off	5					
7	7	1	12	2850183.5931	8	4	0	79198.108067	Off	37	Off	5					
7	8	1	12	2539222.60841	8	4	0	79198.1550703	Off	37	Off	5					
7	9	1	12	1989710.3609	8	4	0	79197.7800494	Off	37	Off	5					
7	10	1	12	2624231.55596	8	4	0	79197.68631379999	Off	37	Off	5					
7	11	1	12	2525171.72035	8	4	0	79197.2178135	Off	37	Off	5					
2	2	1	13	1860159.88324	8	4	0	86403.2134372	Off	37	Off	5					
2	3	1	13	1591175.29968	8	4	0	86403.4666534	Off	37	Off	5					
2	4	1	13	2215530.55901	8	4	0	86403.7629173	Off	37	Off	5					
2	5	1	13	512717.693528	8	4	0	86403.7471698	Off	37	Off	5					
2	6	1	13	1604074.02925	8	4	0	86402.5286624	Off	37	Off	5					
2	7	1	13	2847829.11997	8	4	0	86402.3544214	Off	37	Off	5					
2	8	1	13	1228756.96787	8	4	0	86402.3726458	Off	37	Off	5					
2	9	1	13	1838197.22027	8	4	0	86403.7941689	Off	37	Off	5					
2	10	1	13	1900941.13489	8	4	0	86404.2784094	Off	37	Off	5					
2	11	1	13	2415319.71361	8	4	0	86404.3879205	Off	37	Off	5					
3	2	1	13	1788278.95054	8	4	0	86403.151144099989	Off	37	Off	5					
3	3	1	13	1720334.55934	8	4	0	86403.3386569	Off	37	Off	5					
3	4	1	13	1503357.60756	8	4	0	86403.4639211	Off	37	Off	5					
3	5	1	13	267395.350018	8	4	0	86403.8097	Off	37	Off	5					
3	6	1	13	1659862.00194	8	4	0	86402.559916999991	Off	37	Off	5					
3	7	1	13	2737151.68625	8	4	0	86402.2951451	Off	37	Off	5					
3	8	1	13	1721397.86979	8	4	0	86402.38816799999	Off	37	Off	5					
3	9	1	13	1737068.08508	8	4	0	86404.106668	Off	37	Off	5					
3	10	1	13	1580807.3063	8	4	0	86404.1224069	Off	37	Off	5					
3	11	1	13	1836466.11647	8	4	0	86404.421426	Off	37	Off	5					
4	2	1	13	1259590.1048	8	4	0	86403.1384119	Off	37	Off	5					
4	3	1	13	2179578.62839	8	4	0	86403.325417499989	Off	37	Off	5					
4	4	1	13	2018779.43426	8	4	0	86403.4949187	Off	37	Off	5					
4	5	1	13	203956.414415	8	4	0	86403.794160199992	Off	37	Off	5					
4	6	1	13	1872607.20743	8	4	0	86402.575664299991	Off	37	Off	5					
4	7	1	13	2260582.24885	8	4	0	86402.3884283	Off	37	Off	5					
4	8	1	13	1527293.5569	8	4	0	86402.3101802	Off	37	Off	5					
4	9	1	13	1562950.28273	8	4	0	86403.5911666	Off	37	Off	5					
4	10	1	13	1750171.73837	8	4	0	86404.1071643	Off	37	Off	5					
4	11	1	13	1582064.0762	8	4	0	86404.4059301	Off	37	Off	5					
5	2	1	13	1964898.82842	8	4	0	86402.6851892	Off	37	Off	5					
5	3	1	13	2366764.25821	8	4	0	86403.359417499989	Off	37	Off	5					
5	4	1	13	1978908.15853	8	4	0	86403.5441652	Off	37	Off	5					
5	5	1	13	2054473.41894	8	4	0	86404.0278926	Off	37	Off	5					
5	6	1	13	2541961.13438	8	4	0	86403.0286604	Off	37	Off	5					
5	7	1	13	2814095.52436	8	4	0	86402.1381398	Off	37	Off	5					
5	8	1	13	2229425.24648	8	4	0	86402.2313929	Off	37	Off	5					
5	9	1	13	2141918.5225	8	4	0	86403.5911737	Off	37	Off	5					
5	10	1	13	2079406.75922	8	4	0	86403.9816743	Off	37	Off	5					
5	11	1	13	1892953.40924	8	4	0	86404.2629302	Off	37	Off	5					
6	2	1	13	2304983.34173	8	4	0	86402.7136752	Off	37	Off	5					
6	3	1	13	2049106.71055	8	4	0	86403.2944184	Off	37	Off	5					
6	4	1	13	2189786.12209	8	4	0	86403.528655499991	Off	37	Off	5					
6	5	1	13	1519952.1291	8	4	0	86404.1376708	Off	37	Off	5					
6	6	1	13	2427393.0162	8	4	0	86402.981671699992	Off	37	Off	5					
6	7	1	13	2428083.73808	8	4	0	86402.1859131	Off	37	Off	5					
6	8	1	13	1655635.98778	8	4	0	86402.2009274	Off	37	Off	5					
6	9	1	13	2145584.22079	8	4	0	86403.8879173	Off	37	Off	5					
6	10	1	13	2029994.35012	8	4	0	86403.9656707	Off	37	Off	5					
6	11	1	13	2312082.58696	8	4	0	86404.262663599991	Off	37	Off	5					
7	2	1	13	3121031.11949	8	4	0	86402.8231737	Off	37	Off	5					
7	3	1	13	2819867.78107	8	4	0	86403.5731629	Off	37	Off	5					
7	4	1	13	1973061.3841	8	4	0	86403.5286464	Off	37	Off	5					
7	5	1	13	1939544.17646	8	4	0	86404.2474235	Off	37	Off	5					
7	6	1	13	2496769.00731	8	4	0	86404.2316702	Off	37	Off	5					
7	7	1	13	2790520.69932	8	4	0	86402.1561654	Off	37	Off	5					
7	8	1	13	2498270.82584	8	4	0	86402.1539234	Off	37	Off	5					
7	9	1	13	1942427.43876	8	4	0	86404.012921599991	Off	37	Off	5					
7	10	1	13	2465245.14851	8	4	0	86403.9971635	Off	37	Off	5					
7	11	1	13	2331591.89752	8	4	0	86404.2159226	Off	37	Off	5					
2	2	1	14	1749926.68973	8	4	0	93600.4797904	Off	37	Off	5					
2	3	1	14	1507933.28176	8	4	0	93600.466975299991	Off	37	Off	5					
2	4	1	14	2155548.09888	8	4	0	93600.3417676	Off	37	Off	5					
2	5	1	14	283974.108201	8	4	0	93600.5135172	Off	37	Off	5					
2	6	1	14	1504195.93183	8	4	0	93598.4357605	Off	37	Off	5					
2	7	1	14	2668400.4975	8	4	0	93598.4020131	Off	37	Off	5					
2	8	1	14	1122864.43117	8	4	0	93598.2027542	Off	37	Off	5					
2	9	1	14	1743601.2823	8	4	0	93598.4670113	Off	37	Off	5					
2	10	1	14	1900125.73915	8	4	0	93598.1235112	Off	37	Off	5					
2	11	1	14	2365607.80062	8	4	0	93598.0480171	Off	37	Off	5					
3	2	1	14	1698880.62307	8	4	0	93600.3392643	Off	37	Off	5					
3	3	1	14	1624311.32055	8	4	0	93600.260754499992	Off	37	Off	5					
3	4	1	14	1431221.59499	8	4	0	93600.355014699991	Off	37	Off	5					
3	5	1	14	156063.020238	8	4	0	93600.4197904	Off	37	Off	5					
3	6	1	14	1593194.44311	8	4	0	93598.4355065	Off	37	Off	5					
3	7	1	14	2606566.5588	8	4	0	93598.435984	Off	37	Off	5					
3	8	1	14	1653545.19271	8	4	0	93598.3110147	Off	37	Off	5					
3	9	1	14	1635758.38775	8	4	0	93598.5610187	Off	37	Off	5					
3	10	1	14	1523801.2556	8	4	0	93598.2485031	Off	37	Off	5					
3	11	1	14	1735686.64132	8	4	0	93598.014018599992	Off	37	Off	5					
4	2	1	14	1194295.39153	8	4	0	93600.388251	Off	37	Off	5					
4	3	1	14	2087745.57795	8	4	0	93600.294771599991	Off	37	Off	5					
4	4	1	14	1941978.89944	8	4	0	93600.40151879999	Off	37	Off	5					
4	5	1	14	119120.863855	8	4	0	93600.1230042	Off	37	Off	5					
4	6	1	14	1764474.84023	8	4	0	93598.4827635	Off	37	Off	5					
4	7	1	14	2094773.17153	8	4	0	93598.4360142	Off	37	Off	5					
4	8	1	14	1476859.3953	8	4	0	93598.326763199992	Off	37	Off	5					
4	9	1	14	1467298.19947	8	4	0	93597.9672742	Off	37	Off	5					
4	10	1	14	1680390.19893	8	4	0	93598.3107381	Off	37	Off	5					
4	11	1	14	1497161.17309	8	4	0	93597.98279509999	Off	37	Off	5					
5	2	1	14	1870062.14092	8	4	0	93600.4980162	Off	37	Off	5					
5	3	1	14	2310298.46093	8	4	0	93600.2164945	Off	37	Off	5					
5	4	1	14	1901964.32042	8	4	0	93600.357252199989	Off	37	Off	5					
5	5	1	14	1930627.84546	8	4	0	93600.076017499989	Off	37	Off	5					
5	6	1	14	2503201.89222	8	4	0	93598.904507999992	Off	37	Off	5					
5	7	1	14	2774268.67265	8	4	0	93598.1262343	Off	37	Off	5					
5	8	1	14	2194542.35844	8	4	0	93598.2792762	Off	37	Off	5					
5	9	1	14	2080798.23421	8	4	0	93597.9830135	Off	37	Off	5					
5	10	1	14	1965780.14369	8	4	0	93598.3107563	Off	37	Off	5					
5	11	1	14	1704907.95965	8	4	0	93597.8735243	Off	37	Off	5					
6	2	1	14	2241027.08123	8	4	0	93600.49501459999	Off	37	Off	5					
6	3	1	14	1997507.49317	8	4	0	93600.1235184	Off	37	Off	5					
6	4	1	14	2115712.64897	8	4	0	93600.2169993	Off	37	Off	5					
6	5	1	14	1408212.81797	8	4	0	93600.076254899992	Off	37	Off	5					
6	6	1	14	2361854.68733	8	4	0	93598.8420196	Off	37	Off	5					
6	7	1	14	2391174.54146	8	4	0	93598.1262822	Off	37	Off	5					
6	8	1	14	1535348.6351	8	4	0	93598.2640138	Off	37	Off	5					
6	9	1	14	2065106.52342	8	4	0	93597.9985145	Off	37	Off	5					
6	10	1	14	1838041.01968	8	4	0	93598.2947721	Off	37	Off	5					
6	11	1	14	2042275.44249	8	4	0	93597.8110132	Off	37	Off	5					
7	2	1	14	3073848.50966	8	4	0	93600.6075243	Off	37	Off	5					
7	3	1	14	2750183.68788	8	4	0	93600.1700131	Off	37	Off	5					
7	4	1	14	1886628.0018	8	4	0	93600.1384964	Off	37	Off	5					
7	5	1	14	1880190.8178	8	4	0	93600.045025899992	Off	37	Off	5					
7	6	1	14	2462264.43997	8	4	0	93600.060512999989	Off	37	Off	5					
7	7	1	14	2776767.88211	8	4	0	93598.1860219	Off	37	Off	5					
7	8	1	14	2461609.54392	8	4	0	93598.233018599989	Off	37	Off	5					
7	9	1	14	1895843.8367	8	4	0	93598.2812723	Off	37	Off	5					
7	10	1	14	2373068.17015	8	4	0	93598.3264855	Off	37	Off	5					
7	11	1	14	2196497.01538	8	4	0	93597.7485125	Off	37	Off	5					
2	2	1	15	1713682.4204	8	4	0	100800.5106386	Off	37	Off	5					
2	3	1	15	1418364.42337	8	4	0	100800.5476006	Off	37	Off	5					
2	4	1	15	2074429.83579	8	4	0	100800.9038626	Off	37	Off	5					
2	5	1	15	166240.42024	8	4	0	100800.93510989999	Off	37	Off	5					
2	6	1	15	1418063.48645	8	4	0	100799.9511098	Off	37	Off	5					
2	7	1	15	2528013.42469	8	4	0	100799.87011579999	Off	37	Off	5					
2	8	1	15	1098256.38937	8	4	0	100799.89114519999	Off	37	Off	5					
2	9	1	15	1682637.1946	8	4	0	100800.1383622	Off	37	Off	5					
2	10	1	15	1790472.92398	8	4	0	100799.79485569999	Off	37	Off	5					
2	11	1	15	2289348.95226	8	4	0	100799.6543421	Off	37	Off	5					
3	2	1	15	1616405.27778	8	4	0	100800.4953596	Off	37	Off	5					
3	3	1	15	1501619.33859	8	4	0	100800.4796004	Off	37	Off	5					
3	4	1	15	1356074.7802	8	4	0	100800.83886809999	Off	37	Off	5					
3	5	1	15	140861.406719	8	4	0	100801.3881366	Off	37	Off	5					
3	6	1	15	1472980.17511	8	4	0	100799.8728517	Off	37	Off	5					
3	7	1	15	2429867.8641	8	4	0	100799.93559739999	Off	37	Off	5					
3	8	1	15	1566188.93719	8	4	0	100799.9823623	Off	37	Off	5					
3	9	1	15	1548324.74845	8	4	0	100800.2478682	Off	37	Off	5					
3	10	1	15	1416451.32439	8	4	0	100799.904849	Off	37	Off	5					
3	11	1	15	1717213.41358	8	4	0	100799.63860969999	Off	37	Off	5					
4	2	1	15	1143363.9675	8	4	0	100800.6381084	Off	37	Off	5					
4	3	1	15	2019811.21798	8	4	0	100800.5291091	Off	37	Off	5					
4	4	1	15	1883187.28969	8	4	0	100800.85460739999	Off	37	Off	5					
4	5	1	15	68501.8410107	8	4	0	100801.1228539	Off	37	Off	5					
4	6	1	15	1663787.07919	8	4	0	100799.9041074	Off	37	Off	5					
4	7	1	15	1909461.94881	8	4	0	100799.9823624	Off	37	Off	5					
4	8	1	15	1401411.64359	8	4	0	100799.9198397	Off	37	Off	5					
4	9	1	15	1379582.25269	8	4	0	100799.6391107	Off	37	Off	5					
4	10	1	15	1565981.14741	8	4	0	100799.9511099	Off	37	Off	5					
4	11	1	15	1442704.48801	8	4	0	100799.5916438	Off	37	Off	5					
5	2	1	15	1829699.33488	8	4	0	100800.21661419999	Off	37	Off	5					
5	3	1	15	2245102.62694	8	4	0	100800.53161379999	Off	37	Off	5					
5	4	1	15	1786956.26113	8	4	0	100800.8883558	Off	37	Off	5					
5	5	1	15	1828664.6851	8	4	0	100801.0908656	Off	37	Off	5					
5	6	1	15	2477408.73217	8	4	0	100800.3258524	Off	37	Off	5					
5	7	1	15	2762851.69915	8	4	0	100799.6385932	Off	37	Off	5					
5	8	1	15	2128770.4452	8	4	0	100799.71610979999	Off	37	Off	5					
5	9	1	15	1985646.27945	8	4	0	100799.70111129999	Off	37	Off	5					
5	10	1	15	1888372.0029	8	4	0	100799.9368553	Off	37	Off	5					
5	11	1	15	1487346.33042	8	4	0	100799.6856079	Off	37	Off	5					
6	2	1	15	2168100.03447	8	4	0	100800.3258623	Off	37	Off	5					
6	3	1	15	1933352.04109	8	4	0	100800.4196103	Off	37	Off	5					
6	4	1	15	2067797.7593	8	4	0	100800.8570986	Off	37	Off	5					
6	5	1	15	1318322.9602	8	4	0	100801.0913594	Off	37	Off	5					
6	6	1	15	2313542.84753	8	4	0	100800.2946139	Off	37	Off	5					
6	7	1	15	2365157.82827	8	4	0	100799.6231098	Off	37	Off	5					
6	8	1	15	1421565.81898	8	4	0	100799.68561449999	Off	37	Off	5					
6	9	1	15	1982642.64239	8	4	0	100799.65486109999	Off	37	Off	5					
6	10	1	15	1656233.56252	8	4	0	100799.9663662	Off	37	Off	5					
6	11	1	15	1863259.53351	8	4	0	100799.6853538	Off	37	Off	5					
7	2	1	15	3051193.69178	8	4	0	100800.4641191	Off	37	Off	5					
7	3	1	15	2724265.85397	8	4	0	100800.4641043	Off	37	Off	5					
7	4	1	15	1824250.94361	8	4	0	100800.60710309999	Off	37	Off	5					
7	5	1	15	1768291.00697	8	4	0	100801.15409659999	Off	37	Off	5					
7	6	1	15	2398239.39389	8	4	0	100801.59110929999	Off	37	Off	5					
7	7	1	15	2727981.70841	8	4	0	100799.6808945	Off	37	Off	5					
7	8	1	15	2407908.0672	8	4	0	100799.74811049999	Off	37	Off	5					
7	9	1	15	1844730.41748	8	4	0	100799.7948655	Off	37	Off	5					
7	10	1	15	2298604.91207	8	4	0	100799.997857	Off	37	Off	5					
7	11	1	15	2040264.89726	8	4	0	100799.79461689999	Off	37	Off	5					
2	2	1	16	1583156.0473	8	4	0	108000.1512365	Off	37	Off	5					
2	3	1	16	1359397.9836	8	4	0	108000.1386966	Off	37	Off	5					
2	4	1	16	2001445.46771	8	4	0	107999.9977126	Off	37	Off	5					
2	5	1	16	127074.19672	8	4	0	108000.06020759999	Off	37	Off	5					
2	6	1	16	1331354.96183	8	4	0	107998.6697059	Off	37	Off	5					
2	7	1	16	2369141.65987	8	4	0	107998.5892065	Off	37	Off	5					
2	8	1	16	1040178.43003	8	4	0	107998.8104622	Off	37	Off	5					
2	9	1	16	1568122.09864	8	4	0	107998.7792064	Off	37	Off	5					
2	10	1	16	1739871.09753	8	4	0	107998.13918659999	Off	37	Off	5					
2	11	1	16	2286399.77045	8	4	0	107998.0139588	Off	37	Off	5					
3	2	1	16	1556227.92516	8	4	0	108000.1827068	Off	37	Off	5					
3	3	1	16	1417219.43005	8	4	0	108000.08895199999	Off	37	Off	5					
3	4	1	16	1280303.16304	8	4	0	108000.05770789999	Off	37	Off	5					
3	5	1	16	148463.646512	8	4	0	108000.09148219999	Off	37	Off	5					
3	6	1	16	1396275.6535	8	4	0	107998.66970109999	Off	37	Off	5					
3	7	1	16	2275252.20714	8	4	0	107999.12294249999	Off	37	Off	5					
3	8	1	16	1448876.56092	8	4	0	107998.8574639	Off	37	Off	5					
3	9	1	16	1455206.26745	8	4	0	107998.888714	Off	37	Off	5					
3	10	1	16	1320584.28619	8	4	0	107998.2639541	Off	37	Off	5					
3	11	1	16	1616925.46874	8	4	0	107998.01373739999	Off	37	Off	5					
4	2	1	16	1091069.72914	8	4	0	108000.2814576	Off	37	Off	5					
4	3	1	16	1899883.55658	8	4	0	108000.15395729999	Off	37	Off	5					
4	4	1	16	1810655.76003	8	4	0	108000.135958	Off	37	Off	5					
4	5	1	16	68933.1839283	8	4	0	108000.10720819999	Off	37	Off	5					
4	6	1	16	1525433.48013	8	4	0	107998.732456	Off	37	Off	5					
4	7	1	16	1667828.23211	8	4	0	107999.1074598	Off	37	Off	5					
4	8	1	16	1352800.29991	8	4	0	107998.84195819999	Off	37	Off	5					
4	9	1	16	1280791.82727	8	4	0	107998.3574382	Off	37	Off	5					
4	10	1	16	1484309.7336	8	4	0	107998.3262117	Off	37	Off	5					
4	11	1	16	1393633.14075	8	4	0	107997.9982453	Off	37	Off	5					
5	2	1	16	1766175.85034	8	4	0	108000.2789558	Off	37	Off	5					
5	3	1	16	2194172.63594	8	4	0	108000.16970849999	Off	37	Off	5					
5	4	1	16	1730137.93775	8	4	0	108000.1864682	Off	37	Off	5					
5	5	1	16	1783767.76282	8	4	0	108000.14021679999	Off	37	Off	5					
5	6	1	16	2437682.19277	8	4	0	107999.18519579999	Off	37	Off	5					
5	7	1	16	2716483.05203	8	4	0	107998.8104318	Off	37	Off	5					
5	8	1	16	2030316.78253	8	4	0	107998.8099603	Off	37	Off	5					
5	9	1	16	1903934.74072	8	4	0	107998.3889615	Off	37	Off	5					
5	10	1	16	1827870.78484	8	4	0	107998.3262019	Off	37	Off	5					
5	11	1	16	1351041.96848	8	4	0	107997.9519687	Off	37	Off	5					
6	2	1	16	2083724.48749	8	4	0	108000.3414663	Off	37	Off	5					
6	3	1	16	1854166.93945	8	4	0	108000.1409608	Off	37	Off	5					
6	4	1	16	2020192.40475	8	4	0	108000.1694482	Off	37	Off	5					
6	5	1	16	1205831.30676	8	4	0	108000.31295149999	Off	37	Off	5					
6	6	1	16	2244192.65101	8	4	0	107999.12550339999	Off	37	Off	5					
6	7	1	16	2342978.77733	8	4	0	107998.79495869999	Off	37	Off	5					
6	8	1	16	1334701.09377	8	4	0	107998.84171159999	Off	37	Off	5					
6	9	1	16	1925898.83673	8	4	0	107998.37318519999	Off	37	Off	5					
6	10	1	16	1569046.40489	8	4	0	107998.4364664	Off	37	Off	5					
6	11	1	16	1643326.23475	8	4	0	107998.0137018	Off	37	Off	5					
7	2	1	16	2983745.12998	8	4	0	108000.4644646	Off	37	Off	5					
7	3	1	16	2710841.20131	8	4	0	108000.1672006	Off	37	Off	5					
7	4	1	16	1757230.85867	8	4	0	108000.1539619	Off	37	Off	5					
7	5	1	16	1692926.37117	8	4	0	108000.37271509999	Off	37	Off	5					
7	6	1	16	2372133.83267	8	4	0	108000.29445019999	Off	37	Off	5					
7	7	1	16	2706074.93372	8	4	0	107998.87295569999	Off	37	Off	5					
7	8	1	16	2363578.62597	8	4	0	107998.90420979999	Off	37	Off	5					
7	9	1	16	1796719.5146	8	4	0	107998.4527158	Off	37	Off	5					
7	10	1	16	2188153.89756	8	4	0	107998.46695389999	Off	37	Off	5					
7	11	1	16	1885087.49138	8	4	0	107998.18570999999	Off	37	Off	5					
2	2	1	17	1492995.34631	8	4	0	115200.2760742	Off	37	Off	5					
2	3	1	17	1294333.98864	8	4	0	115200.3415403	Off	37	Off	5					
2	4	1	17	1898440.4924	8	4	0	115200.01330569999	Off	37	Off	5					
2	5	1	17	129865.744904	8	4	0	115200.04430729999	Off	37	Off	5					
2	6	1	17	1220207.4933	8	4	0	115198.1073011	Off	37	Off	5					
2	7	1	17	2202275.00423	8	4	0	115198.08906109999	Off	37	Off	5					
2	8	1	17	1009581.74354	8	4	0	115198.34156219999	Off	37	Off	5					
2	9	1	17	1454644.51853	8	4	0	115198.3260545	Off	37	Off	5					
2	10	1	17	1677796.4093	8	4	0	115197.40429739999	Off	37	Off	5					
2	11	1	17	2196707.67123	8	4	0	115197.764306	Off	37	Off	5					
3	2	1	17	1486436.3545	8	4	0	115200.2450553	Off	37	Off	5					
3	3	1	17	1296751.51522	8	4	0	115200.2607991	Off	37	Off	5					
3	4	1	17	1182961.53393	8	4	0	115199.99505829999	Off	37	Off	5					
3	5	1	17	155259.088754	8	4	0	115200.0443314	Off	37	Off	5					
3	6	1	17	1272527.52626	8	4	0	115198.0758007	Off	37	Off	5					
3	7	1	17	2130233.57184	8	4	0	115198.0917847	Off	37	Off	5					
3	8	1	17	1352191.2609	8	4	0	115198.4198393	Off	37	Off	5					
3	9	1	17	1371082.93427	8	4	0	115198.4513029	Off	37	Off	5					
3	10	1	17	1241465.10406	8	4	0	115197.5607964	Off	37	Off	5					
3	11	1	17	1576817.74257	8	4	0	115197.7635625	Off	37	Off	5					
4	2	1	17	1002621.50251	8	4	0	115200.3252736	Off	37	Off	5					
4	3	1	17	1813388.55386	8	4	0	115200.24730979999	Off	37	Off	5					
4	4	1	17	1730339.99539	8	4	0	115200.04180139999	Off	37	Off	5					
4	5	1	17	37589.8872757	8	4	0	115199.73455359999	Off	37	Off	5					
4	6	1	17	1446851.68536	8	4	0	115198.0293002	Off	37	Off	5					
4	7	1	17	1447346.08173	8	4	0	115198.2485545	Off	37	Off	5					
4	8	1	17	1287336.48875	8	4	0	115197.9357763	Off	37	Off	5					
4	9	1	17	1207374.68325	8	4	0	115197.8575513	Off	37	Off	5					
4	10	1	17	1373771.30408	8	4	0	115197.6545559	Off	37	Off	5					
4	11	1	17	1302328.87946	8	4	0	115197.73284079999	Off	37	Off	5					
5	2	1	17	1674445.97826	8	4	0	115200.3740575	Off	37	Off	5					
5	3	1	17	2132907.61132	8	4	0	115200.24755839999	Off	37	Off	5					
5	4	1	17	1582201.64736	8	4	0	115200.1552956	Off	37	Off	5					
5	5	1	17	1674666.66534	8	4	0	115199.7628079	Off	37	Off	5					
5	6	1	17	2366939.08823	8	4	0	115198.5135511	Off	37	Off	5					
5	7	1	17	2703840.83536	8	4	0	115197.9355314	Off	37	Off	5					
5	8	1	17	1991259.46951	8	4	0	115197.935059	Off	37	Off	5					
5	9	1	17	1813649.36586	8	4	0	115197.82630449999	Off	37	Off	5					
5	10	1	17	1743614.17959	8	4	0	115197.65429569999	Off	37	Off	5					
5	11	1	17	1243703.50153	8	4	0	115197.54506399999	Off	37	Off	5					
6	2	1	17	2019730.96814	8	4	0	115200.3543099	Off	37	Off	5					
6	3	1	17	1766906.69714	8	4	0	115200.2033076	Off	37	Off	5					
6	4	1	17	1969514.62755	8	4	0	115200.153803	Off	37	Off	5					
6	5	1	17	1087541.60202	8	4	0	115199.8438013	Off	37	Off	5					
6	6	1	17	2198759.77441	8	4	0	115198.56030659999	Off	37	Off	5					
6	7	1	17	2306201.41973	8	4	0	115197.9355566	Off	37	Off	5					
6	8	1	17	1218228.4748	8	4	0	115197.951808	Off	37	Off	5					
6	9	1	17	1845335.15739	8	4	0	115197.8420602	Off	37	Off	5					
6	10	1	17	1413545.13357	8	4	0	115197.7632852	Off	37	Off	5					
6	11	1	17	1475512.34433	8	4	0	115197.59329779999	Off	37	Off	5					
7	2	1	17	2940517.69109	8	4	0	115200.4638133	Off	37	Off	5					
7	3	1	17	2609709.20006	8	4	0	115200.20105179999	Off	37	Off	5					
7	4	1	17	1649112.8218	8	4	0	115200.1700344	Off	37	Off	5					
7	5	1	17	1593822.11154	8	4	0	115199.8728098	Off	37	Off	5					
7	6	1	17	2331842.67828	8	4	0	115199.81002749999	Off	37	Off	5					
7	7	1	17	2686244.62378	8	4	0	115197.9198108	Off	37	Off	5					
7	8	1	17	2328724.39859	8	4	0	115197.9355565	Off	37	Off	5					
7	9	1	17	1713202.35436	8	4	0	115197.8263125	Off	37	Off	5					
7	10	1	17	2071301.52486	8	4	0	115197.79504849999	Off	37	Off	5					
7	11	1	17	1765029.42398	8	4	0	115197.4675511	Off	37	Off	5					
2	2	1	18	1471840.91392	8	4	0	122400.24467409999	Off	37	Off	5					
2	3	1	18	1224965.16269	8	4	0	122400.1851338	Off	37	Off	5					
2	4	1	18	1822783.51787	8	4	0	122399.84115889999	Off	37	Off	5					
2	5	1	18	74292.7271562	8	4	0	122399.8724008	Off	37	Off	5					
2	6	1	18	1139443.18935	8	4	0	122399.1851468	Off	37	Off	5					
2	7	1	18	2051783.6161	8	4	0	122399.10440689999	Off	37	Off	5					
2	8	1	18	924859.402589	8	4	0	122398.966409	Off	37	Off	5					
2	9	1	18	1346020.62103	8	4	0	122398.88815039999	Off	37	Off	5					
2	10	1	18	1598837.72686	8	4	0	122398.6851455	Off	37	Off	5					
2	11	1	18	2135353.79857	8	4	0	122398.57865669999	Off	37	Off	5					
3	2	1	18	1428564.7519	8	4	0	122400.1981501	Off	37	Off	5					
3	3	1	18	1176338.05565	8	4	0	122400.05738459999	Off	37	Off	5					
3	4	1	18	1071826.9627	8	4	0	122399.8386546	Off	37	Off	5					
3	5	1	18	108341.590016	8	4	0	122399.8411749	Off	37	Off	5					
3	6	1	18	1171394.09197	8	4	0	122399.1536472	Off	37	Off	5					
3	7	1	18	1994374.88314	8	4	0	122399.15387899999	Off	37	Off	5					
3	8	1	18	1273665.35442	8	4	0	122399.04465319999	Off	37	Off	5					
3	9	1	18	1273744.17123	8	4	0	122398.98215319999	Off	37	Off	5					
3	10	1	18	1139421.69386	8	4	0	122398.8103933	Off	37	Off	5					
3	11	1	18	1494027.13003	8	4	0	122398.59140379999	Off	37	Off	5					
4	2	1	18	951556.806422	8	4	0	122400.26289689999	Off	37	Off	5					
4	3	1	18	1714523.61074	8	4	0	122400.05990349999	Off	37	Off	5					
4	4	1	18	1645762.39076	8	4	0	122399.9328977	Off	37	Off	5					
4	5	1	18	50133.2246751	8	4	0	122399.6698894	Off	37	Off	5					
4	6	1	18	1377541.61377	8	4	0	122399.2318979	Off	37	Off	5					
4	7	1	18	1249927.16362	8	4	0	122399.1384115	Off	37	Off	5					
4	8	1	18	1209709.09392	8	4	0	122399.02916169999	Off	37	Off	5					
4	9	1	18	1099808.36406	8	4	0	122398.38839749999	Off	37	Off	5					
4	10	1	18	1294008.69016	8	4	0	122398.77889989999	Off	37	Off	5					
4	11	1	18	1195967.74098	8	4	0	122398.5291894	Off	37	Off	5					
5	2	1	18	1594759.31509	8	4	0	122400.2628997	Off	37	Off	5					
5	3	1	18	2052709.35538	8	4	0	122399.9506533	Off	37	Off	5					
5	4	1	18	1428500.26542	8	4	0	122399.9819055	Off	37	Off	5					
5	5	1	18	1575648.38768	8	4	0	122399.74690469999	Off	37	Off	5					
5	6	1	18	2340227.35407	8	4	0	122399.6381443	Off	37	Off	5					
5	7	1	18	2673282.84076	8	4	0	122398.7788778	Off	37	Off	5					
5	8	1	18	1882069.52399	8	4	0	122398.88790969999	Off	37	Off	5					
5	9	1	18	1753616.74958	8	4	0	122398.32615729999	Off	37	Off	5					
5	10	1	18	1691692.5298	8	4	0	122398.71640019999	Off	37	Off	5					
5	11	1	18	1109168.93528	8	4	0	122398.372911	Off	37	Off	5					
6	2	1	18	1973597.33842	8	4	0	122400.3546601	Off	37	Off	5					
6	3	1	18	1716567.11572	8	4	0	122399.8281555	Off	37	Off	5					
6	4	1	18	1921648.461	8	4	0	122400.07536049999	Off	37	Off	5					
6	5	1	18	1034201.2496	8	4	0	122400.4348714	Off	37	Off	5					
6	6	1	18	2128621.40977	8	4	0	122399.5599085	Off	37	Off	5					
6	7	1	18	2281460.10588	8	4	0	122398.8109036	Off	37	Off	5					
6	8	1	18	1105547.66102	8	4	0	122398.81040769999	Off	37	Off	5					
6	9	1	18	1795157.50869	8	4	0	122398.37287709999	Off	37	Off	5					
6	10	1	18	1288353.94214	8	4	0	122398.45040209999	Off	37	Off	5					
6	11	1	18	1335433.3736	8	4	0	122398.6224042	Off	37	Off	5					
7	2	1	18	2880781.71262	8	4	0	122400.4641616	Off	37	Off	5					
7	3	1	18	2511921.89771	8	4	0	122399.6981503	Off	37	Off	5					
7	4	1	18	1543356.42322	8	4	0	122400.0599136	Off	37	Off	5					
7	5	1	18	1531359.07137	8	4	0	122400.6224059	Off	37	Off	5					
7	6	1	18	2283361.7406	8	4	0	122400.8096507	Off	37	Off	5					
7	7	1	18	2652586.97891	8	4	0	122398.8101735	Off	37	Off	5					
7	8	1	18	2287186.50554	8	4	0	122398.8726527	Off	37	Off	5					
7	9	1	18	1648929.39358	8	4	0	122398.4979094	Off	37	Off	5					
7	10	1	18	1940570.22805	8	4	0	122398.5133988	Off	37	Off	5					
7	11	1	18	1653813.16987	8	4	0	122398.65390749999	Off	37	Off	5					
2	2	1	19	1353002.35755	8	4	0	129600.3540257	Off	37	Off	5					
2	3	1	19	1168914.94497	8	4	0	129600.4194833	Off	37	Off	5					
2	4	1	19	1750412.4879	8	4	0	129600.8565044	Off	37	Off	5					
2	5	1	19	62209.3933333	8	4	0	129600.9189989	Off	37	Off	5					
2	6	1	19	1053438.28391	8	4	0	129600.77825009999	Off	37	Off	5					
2	7	1	19	1928313.49725	8	4	0	129600.7444974	Off	37	Off	5					
2	8	1	19	845344.703368	8	4	0	129600.30975989999	Off	37	Off	5					
2	9	1	19	1250239.56481	8	4	0	129600.2159981	Off	37	Off	5					
2	10	1	19	1516121.63203	8	4	0	129599.5599902	Off	37	Off	5					
2	11	1	19	2072135.55004	8	4	0	129599.935254	Off	37	Off	5					
3	2	1	19	1365865.2613	8	4	0	129600.3540001	Off	37	Off	5					
3	3	1	19	1048447.03014	8	4	0	129600.3072386	Off	37	Off	5					
3	4	1	19	946118.446382	8	4	0	129600.8850063	Off	37	Off	5					
3	5	1	19	64780.2544431	8	4	0	129600.80977339999	Off	37	Off	5					
3	6	1	19	1080721.79821	8	4	0	129600.356254	Off	37	Off	5					
3	7	1	19	1901233.47361	8	4	0	129600.7784771	Off	37	Off	5					
3	8	1	19	1193647.66063	8	4	0	129600.35675569999	Off	37	Off	5					
3	9	1	19	1178757.01526	8	4	0	129600.3412556	Off	37	Off	5					
3	10	1	19	1079533.8139	8	4	0	129599.54448669999	Off	37	Off	5					
3	11	1	19	1459571.28581	8	4	0	129600.4032495	Off	37	Off	5					
4	2	1	19	869125.88515	8	4	0	129600.35624559999	Off	37	Off	5					
4	3	1	19	1634606.22926	8	4	0	129600.2785149	Off	37	Off	5					
4	4	1	19	1544951.38889	8	4	0	129600.8385017	Off	37	Off	5					
4	5	1	19	14821.8597877	8	4	0	129600.57524159999	Off	37	Off	5					
4	6	1	19	1224072.38317	8	4	0	129600.3877489	Off	37	Off	5					
4	7	1	19	1091101.25586	8	4	0	129600.7629872	Off	37	Off	5					
4	8	1	19	1126858.294	8	4	0	129600.3099996	Off	37	Off	5					
4	9	1	19	976510.209156	8	4	0	129599.7472533	Off	37	Off	5					
4	10	1	19	1158419.41166	8	4	0	129599.6067509	Off	37	Off	5					
4	11	1	19	1097812.14916	8	4	0	129600.4665285	Off	37	Off	5					
5	2	1	19	1568530.51303	8	4	0	129600.3567508	Off	37	Off	5					
5	3	1	19	1939895.26954	8	4	0	129600.4972437	Off	37	Off	5					
5	4	1	19	1349985.8232	8	4	0	129600.90324229999	Off	37	Off	5					
5	5	1	19	1499932.65881	8	4	0	129600.66899939999	Off	37	Off	5					
5	6	1	19	2295661.4624	8	4	0	129600.7469911	Off	37	Off	5					
5	7	1	19	2660792.52558	8	4	0	129600.38772669999	Off	37	Off	5					
5	8	1	19	1807391.31097	8	4	0	129600.1842506	Off	37	Off	5					
5	9	1	19	1727038.28748	8	4	0	129599.7162481	Off	37	Off	5					
5	10	1	19	1594858.19436	8	4	0	129599.5597476	Off	37	Off	5					
5	11	1	19	917105.261304	8	4	0	129600.3255119	Off	37	Off	5					
6	2	1	19	1879504.39501	8	4	0	129600.3867533	Off	37	Off	5					
6	3	1	19	1698902.11856	8	4	0	129600.37225429999	Off	37	Off	5					
6	4	1	19	1832850.57434	8	4	0	129600.40348689999	Off	37	Off	5					
6	5	1	19	935405.092058	8	4	0	129600.9814929	Off	37	Off	5					
6	6	1	19	2084931.10123	8	4	0	129600.2159807	Off	37	Off	5					
6	7	1	19	2247720.77813	8	4	0	129600.3415249	Off	37	Off	5					
6	8	1	19	983926.154666	8	4	0	129600.2005061	Off	37	Off	5					
6	9	1	19	1690061.7383	8	4	0	129599.70099659999	Off	37	Off	5					
6	10	1	19	1169996.88485	8	4	0	129599.6220045	Off	37	Off	5					
6	11	1	19	1177097.56311	8	4	0	129600.262743	Off	37	Off	5					
7	2	1	19	2797969.60459	8	4	0	129600.46350659999	Off	37	Off	5					
7	3	1	19	2467999.43783	8	4	0	129600.3697408	Off	37	Off	5					
7	4	1	19	1440847.27731	8	4	0	129600.4505008	Off	37	Off	5					
7	5	1	19	1428146.30628	8	4	0	129601.2472496	Off	37	Off	5					
7	6	1	19	2247548.81418	8	4	0	129601.46574799999	Off	37	Off	5					
7	7	1	19	2634033.50133	8	4	0	129600.3407281	Off	37	Off	5					
7	8	1	19	2237259.63761	8	4	0	129600.26300529999	Off	37	Off	5					
7	9	1	19	1598068.18817	8	4	0	129599.7317524	Off	37	Off	5					
7	10	1	19	1805971.17532	8	4	0	129599.66922099999	Off	37	Off	5					
7	11	1	19	1497030.76709	8	4	0	129600.1847512	Off	37	Off	5					
2	2	1	20	1262668.25957	8	4	0	136800.6353688	Off	37	Off	5					
2	3	1	20	1120368.08777	8	4	0	136801.059584	Off	37	Off	5					
2	4	1	20	1668563.37801	8	4	0	136800.6063548	Off	37	Off	5					
2	5	1	20	11391.1789087	8	4	0	136800.6375941	Off	37	Off	5					
2	6	1	20	983848.770886	8	4	0	136799.122109	Off	37	Off	5					
2	7	1	20	1784813.87687	8	4	0	136799.0888496	Off	37	Off	5					
2	8	1	20	795998.213781	8	4	0	136798.80984919998	Off	37	Off	5					
2	9	1	20	1111448.8907	8	4	0	136798.88785189998	Off	37	Off	5					
2	10	1	20	1441050.76798	8	4	0	136797.9663345	Off	37	Off	5					
2	11	1	20	2028246.04992	8	4	0	136797.8258451	Off	37	Off	5					
3	2	1	20	1309117.15653	8	4	0	136800.6195947	Off	37	Off	5					
3	3	1	20	953872.587667	8	4	0	136801.0100864	Off	37	Off	5					
3	4	1	20	887983.165721	8	4	0	136800.6038212	Off	37	Off	5					
3	5	1	20	29739.7327831	8	4	0	136800.6531206	Off	37	Off	5					
3	6	1	20	977347.100398	8	4	0	136799.1533401	Off	37	Off	5					
3	7	1	20	1796965.99627	8	4	0	136799.1380762	Off	37	Off	5					
3	8	1	20	1104335.31514	8	4	0	136798.9193474	Off	37	Off	5					
3	9	1	20	1062159.72243	8	4	0	136798.9975756	Off	37	Off	5					
3	10	1	20	981544.453905	8	4	0	136798.09133599998	Off	37	Off	5					
3	11	1	20	1400013.00343	8	4	0	136797.8100994	Off	37	Off	5					
4	2	1	20	795241.572384	8	4	0	136800.6685884	Off	37	Off	5					
4	3	1	20	1521764.91578	8	4	0	136801.0280975	Off	37	Off	5					
4	4	1	20	1428219.39096	8	4	0	136800.6818464	Off	37	Off	5					
4	5	1	20	7299.86984035	8	4	0	136800.3720877	Off	37	Off	5					
4	6	1	20	1155389.98	8	4	0	136799.1848494	Off	37	Off	5					
4	7	1	20	958280.597017	8	4	0	136799.1225764	Off	37	Off	5					
4	8	1	20	1036696.15997	8	4	0	136798.9350967	Off	37	Off	5					
4	9	1	20	914223.432044	8	4	0	136798.4193469	Off	37	Off	5					
4	10	1	20	1033860.18776	8	4	0	136798.2006105	Off	37	Off	5					
4	11	1	20	998448.510567	8	4	0	136797.7321323	Off	37	Off	5					
5	2	1	20	1527855.30581	8	4	0	136800.7625979	Off	37	Off	5					
5	3	1	20	1883766.235	8	4	0	136801.0125946	Off	37	Off	5					
5	4	1	20	1231386.58333	8	4	0	136800.7938411	Off	37	Off	5					
5	5	1	20	1398383.64497	8	4	0	136800.3561213	Off	37	Off	5					
5	6	1	20	2281217.92331	8	4	0	136799.6845902	Off	37	Off	5					
5	7	1	20	2645387.42138	8	4	0	136798.9660708	Off	37	Off	5					
5	8	1	20	1690938.75447	8	4	0	136798.9500735	Off	37	Off	5					
5	9	1	20	1653321.63957	8	4	0	136798.37260109998	Off	37	Off	5					
5	10	1	20	1524269.85738	8	4	0	136798.21633549998	Off	37	Off	5					
5	11	1	20	794249.913584	8	4	0	136797.65411479998	Off	37	Off	5					
6	2	1	20	1803629.59948	8	4	0	136800.7288476	Off	37	Off	5					
6	3	1	20	1572803.81728	8	4	0	136800.8745983	Off	37	Off	5					
6	4	1	20	1766665.94761	8	4	0	136800.887589	Off	37	Off	5					
6	5	1	20	844863.204297	8	4	0	136800.3250932	Off	37	Off	5					
6	6	1	20	2033025.2148	8	4	0	136799.3253524	Off	37	Off	5					
6	7	1	20	2234521.11164	8	4	0	136799.028593	Off	37	Off	5					
6	8	1	20	870884.216578	8	4	0	136798.8723508	Off	37	Off	5					
6	9	1	20	1585966.22491	8	4	0	136798.325846	Off	37	Off	5					
6	10	1	20	1011857.39987	8	4	0	136798.23135309998	Off	37	Off	5					
6	11	1	20	982408.572773	8	4	0	136797.685092	Off	37	Off	5					
7	2	1	20	2778182.28563	8	4	0	136800.4633555	Off	37	Off	5					
7	3	1	20	2407178.65343	8	4	0	136800.9343475	Off	37	Off	5					
7	4	1	20	1406702.40124	8	4	0	136800.9188507	Off	37	Off	5					
7	5	1	20	1333675.04218	8	4	0	136800.3590962	Off	37	Off	5					
7	6	1	20	2227116.6304	8	4	0	136800.57507	Off	37	Off	5					
7	7	1	20	2609168.94664	8	4	0	136799.0128486	Off	37	Off	5					
7	8	1	20	2197465.74566	8	4	0	136798.9348473	Off	37	Off	5					
7	9	1	20	1530629.6576	8	4	0	136798.3255981	Off	37	Off	5					
7	10	1	20	1712574.68593	8	4	0	136798.2943397	Off	37	Off	5					
7	11	1	20	1376774.94114	8	4	0	136797.60709839998	Off	37	Off	5					
2	2	1	21	1210811.09626	8	4	0	144000.7284389	Off	37	Off	5					
2	3	1	21	1068285.93829	8	4	0	144000.6691767	Off	37	Off	5					
2	4	1	21	1597694.16657	8	4	0	144000.3876943	Off	37	Off	5					
2	5	1	21	1672.34945106	8	4	0	144000.434197	Off	37	Off	5					
2	6	1	21	908095.783155	8	4	0	143998.6691939	Off	37	Off	5					
2	7	1	21	1705006.83893	8	4	0	143998.6352017	Off	37	Off	5					
2	8	1	21	699232.663925	8	4	0	143999.1534484	Off	37	Off	5					
2	9	1	21	1011556.46295	8	4	0	143999.34144249998	Off	37	Off	5					
2	10	1	21	1381814.91802	8	4	0	143998.45043569998	Off	37	Off	5					
2	11	1	21	1911375.04779	8	4	0	143998.309944	Off	37	Off	5					
3	2	1	21	1234788.60355	8	4	0	144000.6819416	Off	37	Off	5					
3	3	1	21	863463.97197	8	4	0	144000.4631806	Off	37	Off	5					
3	4	1	21	791594.50353	8	4	0	144000.4474498	Off	37	Off	5					
3	5	1	21	17583.3142798	8	4	0	144000.4344679	Off	37	Off	5					
3	6	1	21	878227.077407	8	4	0	143998.6219415	Off	37	Off	5					
3	7	1	21	1731129.59655	8	4	0	143998.7316787	Off	37	Off	5					
3	8	1	21	1055656.61891	8	4	0	143999.17069909998	Off	37	Off	5					
3	9	1	21	894906.147896	8	4	0	143999.4346966	Off	37	Off	5					
3	10	1	21	865412.89678	8	4	0	143998.5911855	Off	37	Off	5					
3	11	1	21	1350600.59433	8	4	0	143998.3414438	Off	37	Off	5					
4	2	1	21	744715.696681	8	4	0	144000.7619486	Off	37	Off	5					
4	3	1	21	1395132.09321	8	4	0	144001.04369659998	Off	37	Off	5					
4	4	1	21	1346824.55251	8	4	0	144000.5409195	Off	37	Off	5					
4	5	1	21	171.963953836	8	4	0	144000.1219374	Off	37	Off	5					
4	6	1	21	1049278.18926	8	4	0	143998.7004567	Off	37	Off	5					
4	7	1	21	861472.056172	8	4	0	143998.8099457	Off	37	Off	5					
4	8	1	21	958287.762181	8	4	0	143999.1066941	Off	37	Off	5					
4	9	1	21	805234.111135	8	4	0	143998.8096916	Off	37	Off	5					
4	10	1	21	910993.375778	8	4	0	143998.6691926	Off	37	Off	5					
4	11	1	21	939007.736891	8	4	0	143998.2474851	Off	37	Off	5					
5	2	1	21	1430099.53019	8	4	0	144000.7624182	Off	37	Off	5					
5	3	1	21	1798089.4941	8	4	0	144000.96569349998	Off	37	Off	5					
5	4	1	21	1117910.43626	8	4	0	144000.5904371	Off	37	Off	5					
5	5	1	21	1265166.036	8	4	0	144000.29319549998	Off	37	Off	5					
5	6	1	21	2223268.93693	8	4	0	143999.106416	Off	37	Off	5					
5	7	1	21	2620454.08111	8	4	0	143998.4349161	Off	37	Off	5					
5	8	1	21	1624966.21661	8	4	0	143998.9809449	Off	37	Off	5					
5	9	1	21	1592582.53804	8	4	0	143998.7632022	Off	37	Off	5					
5	10	1	21	1459036.76452	8	4	0	143998.6846873	Off	37	Off	5					
5	11	1	21	680401.177947	8	4	0	143998.0759661	Off	37	Off	5					
6	2	1	21	1721791.95385	8	4	0	144000.4162018	Off	37	Off	5					
6	3	1	21	1529910.27506	8	4	0	144000.902943	Off	37	Off	5					
6	4	1	21	1728104.46399	8	4	0	144000.6841815	Off	37	Off	5					
6	5	1	21	753033.019915	8	4	0	144000.35893349999	Off	37	Off	5					
6	6	1	21	1973239.08018	8	4	0	143999.1381694	Off	37	Off	5					
6	7	1	21	2200311.74909	8	4	0	143998.4661933	Off	37	Off	5					
6	8	1	21	762499.635574	8	4	0	143998.93469559998	Off	37	Off	5					
6	9	1	21	1479289.81919	8	4	0	143998.7786952	Off	37	Off	5					
6	10	1	21	866352.966395	8	4	0	143998.73119249998	Off	37	Off	5					
6	11	1	21	853492.928714	8	4	0	143998.0286893	Off	37	Off	5					
7	2	1	21	2674376.2449	8	4	0	144000.46320129998	Off	37	Off	5					
7	3	1	21	2327348.68696	8	4	0	144000.8381852	Off	37	Off	5					
7	4	1	21	1310859.7246	8	4	0	144000.7156963	Off	37	Off	5					
7	5	1	21	1268099.45445	8	4	0	144000.3436963	Off	37	Off	5					
7	6	1	21	2191869.75199	8	4	0	144000.40424	Off	37	Off	5					
7	7	1	21	2596294.57863	8	4	0	143998.98144069998	Off	37	Off	5					
7	8	1	21	2163745.04734	8	4	0	143999.01344389998	Off	37	Off	5					
7	9	1	21	1448875.12788	8	4	0	143998.87219979998	Off	37	Off	5					
7	10	1	21	1606603.33241	8	4	0	143998.77843869998	Off	37	Off	5					
7	11	1	21	1228110.67001	8	4	0	143997.934945	Off	37	Off	5					
2	2	1	22	1095967.83575	8	4	0	151200.38456069998	Off	37	Off	5					
2	3	1	22	1010273.89846	8	4	0	151200.32527169999	Off	37	Off	5					
2	4	1	22	1490362.86478	8	4	0	151200.2937889	Off	37	Off	5					
2	5	1	22	2469.1157705	8	4	0	151200.29353999998	Off	37	Off	5					
2	6	1	22	812082.575597	8	4	0	151198.12201639998	Off	37	Off	5					
2	7	1	22	1646185.13548	8	4	0	151197.97904409998	Off	37	Off	5					
2	8	1	22	619192.041612	8	4	0	151197.6692975	Off	37	Off	5					
2	9	1	22	886544.400641	8	4	0	151197.60679679998	Off	37	Off	5					
2	10	1	22	1333987.44336	8	4	0	151196.7475328	Off	37	Off	5					
2	11	1	22	1865515.12737	8	4	0	151196.5940433	Off	37	Off	5					
3	2	1	22	1137504.29577	8	4	0	151200.3535182	Off	37	Off	5					
3	3	1	22	743924.662494	8	4	0	151200.21303319998	Off	37	Off	5					
3	4	1	22	694780.230553	8	4	0	151200.3690422	Off	37	Off	5					
3	5	1	22	1061.87741494	8	4	0	151200.18432559998	Off	37	Off	5					
3	6	1	22	769713.523437	8	4	0	151198.10653619998	Off	37	Off	5					
3	7	1	22	1677377.96368	8	4	0	151197.9350178	Off	37	Off	5					
3	8	1	22	961847.416026	8	4	0	151197.6082932	Off	37	Off	5					
3	9	1	22	771754.162356	8	4	0	151197.5912944	Off	37	Off	5					
3	10	1	22	750283.029687	8	4	0	151196.8882823	Off	37	Off	5					
3	11	1	22	1295911.75791	8	4	0	151196.48204469998	Off	37	Off	5					
4	2	1	22	667343.381719	8	4	0	151200.4807826	Off	37	Off	5					
4	3	1	22	1278940.3487	8	4	0	151200.6015709	Off	37	Off	5					
4	4	1	22	1218452.02794	8	4	0	151200.43176789998	Off	37	Off	5					
4	5	1	22	0	8	4	0	151199.8725348	Off	37	Off	5					
4	6	1	22	967957.868519	8	4	0	151198.16926599998	Off	37	Off	5					
4	7	1	22	794185.427101	8	4	0	151197.9817938	Off	37	Off	5					
4	8	1	22	892298.02793	8	4	0	151197.6070399	Off	37	Off	5					
4	9	1	22	702242.033117	8	4	0	151196.9975389	Off	37	Off	5					
4	10	1	22	785084.234845	8	4	0	151196.9817897	Off	37	Off	5					
4	11	1	22	873222.92635	8	4	0	151196.4663253	Off	37	Off	5					
5	2	1	22	1407598.04683	8	4	0	151200.5747983	Off	37	Off	5					
5	3	1	22	1675140.99924	8	4	0	151200.6685493	Off	37	Off	5					
5	4	1	22	1013859.3469	8	4	0	151200.4655348	Off	37	Off	5					
5	5	1	22	1181137.28299	8	4	0	151199.7800375	Off	37	Off	5					
5	6	1	22	2203282.4264	8	4	0	151198.60653299998	Off	37	Off	5					
5	7	1	22	2610890.01921	8	4	0	151197.6222594	Off	37	Off	5					
5	8	1	22	1537052.51128	8	4	0	151197.4967961	Off	37	Off	5					
5	9	1	22	1496917.55749	8	4	0	151196.9505438	Off	37	Off	5					
5	10	1	22	1383607.64224	8	4	0	151196.8880295	Off	37	Off	5					
5	11	1	22	599383.227163	8	4	0	151196.82580659998	Off	37	Off	5					
6	2	1	22	1627395.20746	8	4	0	151200.5722928	Off	37	Off	5					
6	3	1	22	1445210.86263	8	4	0	151200.55929059998	Off	37	Off	5					
6	4	1	22	1628871.2314	8	4	0	151200.5122773	Off	37	Off	5					
6	5	1	22	674799.45215	8	4	0	151199.82503399998	Off	37	Off	5					
6	6	1	22	1923726.35878	8	4	0	151198.622042	Off	37	Off	5					
6	7	1	22	2174899.77582	8	4	0	151197.6070471	Off	37	Off	5					
6	8	1	22	627837.529391	8	4	0	151197.4817988	Off	37	Off	5					
6	9	1	22	1385525.04032	8	4	0	151197.0290404	Off	37	Off	5					
6	10	1	22	751946.78094	8	4	0	151196.9503044	Off	37	Off	5					
6	11	1	22	755795.90744	8	4	0	151196.82578359998	Off	37	Off	5					
7	2	1	22	2595894.76243	8	4	0	151200.46304909998	Off	37	Off	5					
7	3	1	22	2277321.50672	8	4	0	151200.57503829998	Off	37	Off	5					
7	4	1	22	1209535.69693	8	4	0	151200.543771	Off	37	Off	5					
7	5	1	22	1155229.48031	8	4	0	151199.84077429998	Off	37	Off	5					
7	6	1	22	2125837.02675	8	4	0	151199.8402635	Off	37	Off	5					
7	7	1	22	2562378.98783	8	4	0	151197.62228749998	Off	37	Off	5					
7	8	1	22	2113544.47012	8	4	0	151197.5130474	Off	37	Off	5					
7	9	1	22	1371756.45975	8	4	0	151197.1380438	Off	37	Off	5					
7	10	1	22	1468205.30933	8	4	0	151197.0292836	Off	37	Off	5					
7	11	1	22	1127349.8243	8	4	0	151196.73203709998	Off	37	Off	5					
2	2	1	23	1080879.43184	8	4	0	158400.6501597	Off	37	Off	5					
2	3	1	23	914789.480059	8	4	0	158400.6218706	Off	37	Off	5					
2	4	1	23	1452431.91566	8	4	0	158399.902889	Off	37	Off	5					
2	5	1	23	5479.91799559	8	4	0	158399.88788609998	Off	37	Off	5					
2	6	1	23	750174.119183	8	4	0	158397.6221353	Off	37	Off	5					
2	7	1	23	1575927.82911	8	4	0	158397.4788892	Off	37	Off	5					
2	8	1	23	628384.947977	8	4	0	158397.8253883	Off	37	Off	5					
2	9	1	23	825598.942368	8	4	0	158397.6848935	Off	37	Off	5					
2	10	1	23	1231352.19054	8	4	0	158397.12237549998	Off	37	Off	5					
2	11	1	23	1778990.03096	8	4	0	158397.01590169998	Off	37	Off	5					
3	2	1	23	1068462.20134	8	4	0	158400.6191399	Off	37	Off	5					
3	3	1	23	637850.130603	8	4	0	158400.5566063	Off	37	Off	5					
3	4	1	23	606834.998495	8	4	0	158399.9941372	Off	37	Off	5					
3	5	1	23	7112.14252408	8	4	0	158399.8091626	Off	37	Off	5					
3	6	1	23	666055.085098	8	4	0	158397.6686421	Off	37	Off	5					
3	7	1	23	1610618.69073	8	4	0	158397.46611049998	Off	37	Off	5					
3	8	1	23	883437.585208	8	4	0	158397.762862	Off	37	Off	5					
3	9	1	23	699112.289157	8	4	0	158397.7628893	Off	37	Off	5					
3	10	1	23	664427.159668	8	4	0	158397.2631279	Off	37	Off	5					
3	11	1	23	1225430.8984	8	4	0	158397.012891	Off	37	Off	5					
4	2	1	23	590143.03071	8	4	0	158400.2933581	Off	37	Off	5					
4	3	1	23	1136402.29343	8	4	0	158400.4808876	Off	37	Off	5					
4	4	1	23	1105486.0406	8	4	0	158400.0723864	Off	37	Off	5					
4	5	1	23	1050.41315135	8	4	0	158399.4968798	Off	37	Off	5					
4	6	1	23	857048.283459	8	4	0	158397.74714589998	Off	37	Off	5					
4	7	1	23	707777.839397	8	4	0	158397.4348939	Off	37	Off	5					
4	8	1	23	789528.070018	8	4	0	158397.73189159998	Off	37	Off	5					
4	9	1	23	611592.667885	8	4	0	158397.231889	Off	37	Off	5					
4	10	1	23	688843.175047	8	4	0	158397.2631138	Off	37	Off	5					
4	11	1	23	806648.514656	8	4	0	158396.9661709	Off	37	Off	5					
5	2	1	23	1361126.22134	8	4	0	158400.1528968	Off	37	Off	5					
5	3	1	23	1584326.83522	8	4	0	158400.4183861	Off	37	Off	5					
5	4	1	23	893220.901149	8	4	0	158400.13735479998	Off	37	Off	5					
5	5	1	23	1088081.85544	8	4	0	158399.4491454	Off	37	Off	5					
5	6	1	23	2165261.1962	8	4	0	158398.2626504	Off	37	Off	5					
5	7	1	23	2581674.77648	8	4	0	158397.04410919998	Off	37	Off	5					
5	8	1	23	1391715.74266	8	4	0	158397.1531494	Off	37	Off	5					
5	9	1	23	1379006.17344	8	4	0	158397.2631438	Off	37	Off	5					
5	10	1	23	1307474.90078	8	4	0	158397.2161315	Off	37	Off	5					
5	11	1	23	525540.472352	8	4	0	158396.8411553	Off	37	Off	5					
6	2	1	23	1546196.69452	8	4	0	158400.2601689	Off	37	Off	5					
6	3	1	23	1405085.94007	8	4	0	158400.3273866	Off	37	Off	5					
6	4	1	23	1588985.62534	8	4	0	158400.2466257	Off	37	Off	5					
6	5	1	23	631490.330377	8	4	0	158399.43438209998	Off	37	Off	5					
6	6	1	23	1863834.17972	8	4	0	158398.1846585	Off	37	Off	5					
6	7	1	23	2181934.53456	8	4	0	158397.0601342	Off	37	Off	5					
6	8	1	23	592974.703816	8	4	0	158397.0911193	Off	37	Off	5					
6	9	1	23	1320177.30483	8	4	0	158397.2318915	Off	37	Off	5					
6	10	1	23	681543.305207	8	4	0	158397.23115419998	Off	37	Off	5					
6	11	1	23	640005.412158	8	4	0	158396.7943831	Off	37	Off	5					
7	2	1	23	2595871.83391	8	4	0	158400.46289979998	Off	37	Off	5					
7	3	1	23	2206824.88385	8	4	0	158400.30938	Off	37	Off	5					
7	4	1	23	1121980.24984	8	4	0	158400.2623902	Off	37	Off	5					
7	5	1	23	1082012.9609	8	4	0	158399.4501407	Off	37	Off	5					
7	6	1	23	2117195.83807	8	4	0	158399.4498845	Off	37	Off	5					
7	7	1	23	2556301.4951	8	4	0	158397.05963519998	Off	37	Off	5					
7	8	1	23	2051283.4876	8	4	0	158397.1223937	Off	37	Off	5					
7	9	1	23	1282054.3293	8	4	0	158397.3364185	Off	37	Off	5					
7	10	1	23	1362765.61103	8	4	0	158397.2631125	Off	37	Off	5					
7	11	1	23	1035916.59004	8	4	0	158396.7006438	Off	37	Off	5					
2	2	1	24	1027829.98511	8	4	0	165600.1812585	Off	37	Off	5					
2	3	1	24	884252.980956	8	4	0	165600.168718	Off	37	Off	5					
2	4	1	24	1350474.48743	8	4	0	165599.4342343	Off	37	Off	5					
2	5	1	24	0	8	4	0	165599.371732	Off	37	Off	5					
2	6	1	24	701760.534046	8	4	0	165597.9344808	Off	37	Off	5					
2	7	1	24	1495372.74797	8	4	0	165597.83824709998	Off	37	Off	5					
2	8	1	24	543301.482718	8	4	0	165597.4365224	Off	37	Off	5					
2	9	1	24	801670.158192	8	4	0	165597.325234	Off	37	Off	5					
2	10	1	24	1156054.90729	8	4	0	165596.7784782	Off	37	Off	5					
2	11	1	24	1742100.8968	8	4	0	165596.60673939998	Off	37	Off	5					
3	2	1	24	996313.291474	8	4	0	165600.1034847	Off	37	Off	5					
3	3	1	24	519706.595218	8	4	0	165600.0094756	Off	37	Off	5					
3	4	1	24	528264.667988	8	4	0	165599.4939843	Off	37	Off	5					
3	5	1	24	6730.95575975	8	4	0	165599.2785042	Off	37	Off	5					
3	6	1	24	556049.743829	8	4	0	165597.9202342	Off	37	Off	5					
3	7	1	24	1551769.75966	8	4	0	165597.8097202	Off	37	Off	5					
3	8	1	24	799714.068217	8	4	0	165597.5127398	Off	37	Off	5					
3	9	1	24	587123.630287	8	4	0	165597.3254837	Off	37	Off	5					
3	10	1	24	572469.435354	8	4	0	165596.79400219998	Off	37	Off	5					
3	11	1	24	1167305.64897	8	4	0	165596.5130016	Off	37	Off	5					
4	2	1	24	569953.029496	8	4	0	165600.16823389998	Off	37	Off	5					
4	3	1	24	1045847.50838	8	4	0	165599.9809909	Off	37	Off	5					
4	4	1	24	1028421.82772	8	4	0	165599.5567354	Off	37	Off	5					
4	5	1	24	0	8	4	0	165598.965475	Off	37	Off	5					
4	6	1	24	733178.348412	8	4	0	165597.82524069998	Off	37	Off	5					
4	7	1	24	654875.995066	8	4	0	165597.7939847	Off	37	Off	5					
4	8	1	24	729667.417688	8	4	0	165597.419737	Off	37	Off	5					
4	9	1	24	490239.138696	8	4	0	165596.8572374	Off	37	Off	5					
4	10	1	24	590484.092552	8	4	0	165596.82546599998	Off	37	Off	5					
4	11	1	24	754863.002991	8	4	0	165596.450518	Off	37	Off	5					
5	2	1	24	1300289.67357	8	4	0	165600.2307354	Off	37	Off	5					
5	3	1	24	1506008.71851	8	4	0	165599.9184872	Off	37	Off	5					
5	4	1	24	770597.704767	8	4	0	165599.66845569998	Off	37	Off	5					
5	5	1	24	936234.818135	8	4	0	165598.9805019	Off	37	Off	5					
5	6	1	24	2155116.75596	8	4	0	165597.7939784	Off	37	Off	5					
5	7	1	24	2564836.63934	8	4	0	165597.4659641	Off	37	Off	5					
5	8	1	24	1269168.49703	8	4	0	165597.2934917	Off	37	Off	5					
5	9	1	24	1280208.58286	8	4	0	165596.82549279998	Off	37	Off	5					
5	10	1	24	1252950.86315	8	4	0	165596.7784751	Off	37	Off	5					
5	11	1	24	461399.350604	8	4	0	165596.32547399998	Off	37	Off	5					
6	2	1	24	1446960.59586	8	4	0	165600.3374856	Off	37	Off	5					
6	3	1	24	1319135.48988	8	4	0	165599.7779963	Off	37	Off	5					
6	4	1	24	1546325.66749	8	4	0	165599.7309726	Off	37	Off	5					
6	5	1	24	528347.783899	8	4	0	165599.0124759	Off	37	Off	5					
6	6	1	24	1818465.7896	8	4	0	165597.7469928	Off	37	Off	5					
6	7	1	24	2166325.93968	8	4	0	165597.43523119998	Off	37	Off	5					
6	8	1	24	506512.66086	8	4	0	165597.24723779998	Off	37	Off	5					
6	9	1	24	1222617.85472	8	4	0	165596.8724623	Off	37	Off	5					
6	10	1	24	576437.503589	8	4	0	165596.79373439998	Off	37	Off	5					
6	11	1	24	577271.528765	8	4	0	165596.2322312	Off	37	Off	5					
7	2	1	24	2575926.88133	8	4	0	165600.462994	Off	37	Off	5					
7	3	1	24	2155499.37576	8	4	0	165599.6972265	Off	37	Off	5					
7	4	1	24	1074372.02922	8	4	0	165599.7154901	Off	37	Off	5					
7	5	1	24	1042393.89897	8	4	0	165598.9969905	Off	37	Off	5					
7	6	1	24	2083436.44787	8	4	0	165599.01222849998	Off	37	Off	5					
7	7	1	24	2543047.37335	8	4	0	165597.3257349	Off	37	Off	5					
7	8	1	24	2018520.0553	8	4	0	165597.2784913	Off	37	Off	5					
7	9	1	24	1206146.57401	8	4	0	165596.93473799998	Off	37	Off	5					
7	10	1	24	1266799.69356	8	4	0	165596.8409553	Off	37	Off	5					
7	11	1	24	963301.944469	8	4	0	165596.26298569998	Off	37	Off	5					
2	2	1	25	977344.234332	8	4	0	172800.0876182	Off	37	Off	5					
2	3	1	25	831118.985287	8	4	0	172800.1062984	Off	37	Off	5					
2	4	1	25	1258978.19973	8	4	0	172799.8713331	Off	37	Off	5					
2	5	1	25	120.374767685	8	4	0	172799.82433509998	Off	37	Off	5					
2	6	1	25	643059.205371	8	4	0	172797.55933289998	Off	37	Off	5					
2	7	1	25	1477610.30457	8	4	0	172797.4785801	Off	37	Off	5					
2	8	1	25	453328.509038	8	4	0	172797.7000869	Off	37	Off	5					
2	9	1	25	680891.275215	8	4	0	172797.5593339	Off	37	Off	5					
2	10	1	25	1120246.27997	8	4	0	172797.091329	Off	37	Off	5					
2	11	1	25	1670070.92867	8	4	0	172796.9660898	Off	37	Off	5					
3	2	1	25	933324.328216	8	4	0	172800.0408343	Off	37	Off	5					
3	3	1	25	399948.031701	8	4	0	172799.9470731	Off	37	Off	5					
3	4	1	25	465635.396	8	4	0	172799.9155603	Off	37	Off	5					
3	5	1	25	438.508082283	8	4	0	172799.7933543	Off	37	Off	5					
3	6	1	25	463114.691044	8	4	0	172797.54357749998	Off	37	Off	5					
3	7	1	25	1541853.17166	8	4	0	172797.5290598	Off	37	Off	5					
3	8	1	25	714061.688877	8	4	0	172797.8095933	Off	37	Off	5					
3	9	1	25	533445.082097	8	4	0	172797.5753273	Off	37	Off	5					
3	10	1	25	481719.757816	8	4	0	172797.2158207	Off	37	Off	5					
3	11	1	25	1085386.32046	8	4	0	172796.9658342	Off	37	Off	5					
4	2	1	25	512545.729574	8	4	0	172800.1550924	Off	37	Off	5					
4	3	1	25	926440.037931	8	4	0	172799.9208356	Off	37	Off	5					
4	4	1	25	899513.348826	8	4	0	172800.0250771	Off	37	Off	5					
4	5	1	25	0	8	4	0	172799.4810755	Off	37	Off	5					
4	6	1	25	616159.743892	8	4	0	172797.57508399998	Off	37	Off	5					
4	7	1	25	635677.652653	8	4	0	172797.528333	Off	37	Off	5					
4	8	1	25	668356.536013	8	4	0	172797.8095643	Off	37	Off	5					
4	9	1	25	426963.568849	8	4	0	172797.04408649998	Off	37	Off	5					
4	10	1	25	486923.100452	8	4	0	172797.153329	Off	37	Off	5					
4	11	1	25	688510.711403	8	4	0	172796.9188672	Off	37	Off	5					
5	2	1	25	1257391.83225	8	4	0	172800.1840826	Off	37	Off	5					
5	3	1	25	1402900.56483	8	4	0	172799.8400811	Off	37	Off	5					
5	4	1	25	663287.898474	8	4	0	172800.15257429998	Off	37	Off	5					
5	5	1	25	793904.552643	8	4	0	172799.4178314	Off	37	Off	5					
5	6	1	25	2129249.0782	8	4	0	172798.0748256	Off	37	Off	5					
5	7	1	25	2556714.20858	8	4	0	172797.20030599998	Off	37	Off	5					
5	8	1	25	1162023.48952	8	4	0	172797.7778336	Off	37	Off	5					
5	9	1	25	1180210.11067	8	4	0	172796.9818352	Off	37	Off	5					
5	10	1	25	1185164.10558	8	4	0	172797.1533262	Off	37	Off	5					
5	11	1	25	404821.776759	8	4	0	172796.7633419	Off	37	Off	5					
6	2	1	25	1384038.98516	8	4	0	172800.30609209999	Off	37	Off	5					
6	3	1	25	1203865.18556	8	4	0	172799.7620858	Off	37	Off	5					
6	4	1	25	1478385.57539	8	4	0	172800.1213192	Off	37	Off	5					
6	5	1	25	468737.912334	8	4	0	172799.3873247	Off	37	Off	5					
6	6	1	25	1792846.02654	8	4	0	172798.059334	Off	37	Off	5					
6	7	1	25	2146072.88502	8	4	0	172797.2316387	Off	37	Off	5					
6	8	1	25	471182.666545	8	4	0	172797.7158362	Off	37	Off	5					
6	9	1	25	1111868.76935	8	4	0	172796.99758529998	Off	37	Off	5					
6	10	1	25	499853.356748	8	4	0	172797.2155955	Off	37	Off	5					
6	11	1	25	505275.953426	8	4	0	172796.70033259998	Off	37	Off	5					
7	2	1	25	2548022.86375	8	4	0	172800.4626231	Off	37	Off	5					
7	3	1	25	2087387.31971	8	4	0	172800.18132429998	Off	37	Off	5					
7	4	1	25	1035486.68016	8	4	0	172800.15258589998	Off	37	Off	5					
7	5	1	25	963436.649566	8	4	0	172799.4030848	Off	37	Off	5					
7	6	1	25	2069494.47031	8	4	0	172799.3408267	Off	37	Off	5					
7	7	1	25	2535148.49574	8	4	0	172797.27805979998	Off	37	Off	5					
7	8	1	25	1955823.43076	8	4	0	172797.7475607	Off	37	Off	5					
7	9	1	25	1147036.83095	8	4	0	172797.1065894	Off	37	Off	5					
7	10	1	25	1121901.43303	8	4	0	172797.153577	Off	37	Off	5					
7	11	1	25	911373.129509	8	4	0	172796.7158057	Off	37	Off	5					
